44, 77
63, 64, 66, 75, 77, 80, 85, 90
64, 75, 95
48
72
75
94
73, 91
95
75
88, 91
78
10, 71, 75, 91
28, 73, 92
94
89
78
52
92
42, 67, 91
91
80, 83
93
46, 95
66
61, 90
52
58
46
33
85
25, 74
82, 89
92
74
65
55
77, 78
73, 80, 90
9, 81
61
93
82
74
91
85, 87, 88
73
75
59, 76, 78, 93, 94
73
45
52, 72, 73, 74, 76, 77, 88, 89, 92, 95
71, 79
80
86
59, 72, 73, 76, 79, 80, 81, 84, 86, 88, 89, 91, 94, 95
63
56
51
0
72, 77
68, 72, 74
76
80
61, 67
94
52
14, 73
78, 91
41, 77, 82
77, 89
34
94
59, 72, 86
84
6
33, 62
69
44, 79, 82, 93
79
37, 45, 46, 47, 50, 51, 52, 53, 55, 60, 64, 70, 73, 74, 75, 78, 79, 80, 81, 82, 83, 85, 86, 87, 88, 89, 90, 91, 92
75, 79
67, 80
63
56
57
95
91
87
80
89
19, 85
90
74, 75
85
26, 38, 78
87, 94
84, 95
55
94
12, 19, 21, 61, 68, 73, 75, 76, 77, 80, 82, 84, 85, 86, 87, 89, 90, 91, 92, 94
29, 75
57, 76, 86
12, 48, 63, 77, 78, 79, 89, 91, 92
13
16, 36, 37, 57, 59, 65, 66, 67, 69, 72, 73, 74, 75, 77, 78, 80, 81, 83, 85, 90, 91, 92, 93
79
88, 93
74, 93
80
49, 76
75
95
94
80
70
49
90
57, 76
73
91
49
77
68
84
79
74
76, 87
84
87
79, 92
56, 74
77
17, 52, 86
57
63
52, 95
76
57, 88, 90
10, 13, 27, 35, 45, 49, 56, 58, 60, 61, 62, 63, 69, 72, 74, 75, 76, 78, 80, 81, 82, 83, 84, 85, 86, 87, 88, 89, 90, 91, 92, 93, 94, 95
53
80
56
49, 83
79
84
65, 77
64, 93
85, 95
76
85
75, 90
48
53
56, 73, 79
88
72
83
74
89
9, 43, 79
28, 58
86
66
95
5, 72, 79
53
50
92
89
55
89
24, 73, 91
66
72
88
9
89
80, 85
61
49
16
21, 49, 53, 66, 75, 76, 78, 81, 83, 88, 89, 90, 91
73, 89
72
56, 92
80, 81, 86, 90
57, 90
56, 82
79, 94
86, 93
48
18, 53, 59, 65, 77, 80, 86, 88, 94
86
60
54, 86, 92, 93
94
76
4, 10, 33, 39, 58, 70, 76, 84, 85, 88, 90, 93, 95
61, 76, 84
92
85
78, 79
85, 94
17
70
84
54, 86
67
95
6
6, 55, 63, 68, 72, 74, 82, 86, 88, 90, 92, 93
23, 25, 28, 37, 43, 50, 63, 64, 68, 71, 72, 73, 74, 77, 78, 79, 83, 84, 85, 86, 87, 89, 90, 91, 92, 93, 95
61, 74, 81
95
17
78
57, 72, 78, 79
95
23, 92
87, 92
75, 89, 94
88
29, 95
2, 76, 84
86
29, 90, 94
54, 74, 78
80
58
57
32
95
73, 78, 88, 90, 93
66
91
42, 44, 51, 57, 63, 64, 68, 69, 73, 76, 77, 78, 79, 81, 82, 83, 84, 86, 87, 88, 89, 91, 92, 93, 94, 95
55
81
84
24
58
78
91
0, 2, 62, 70, 76, 88, 89, 95
88
95
79
85
15, 60, 73, 86, 88
54, 83
68, 80
12, 17, 76, 91
76
94
66
1
79
86, 89
53
76, 77, 90, 92
76
77
49, 74, 77, 79, 84, 90
91
85, 92
60, 90
23, 78
81, 83
94, 95
82
75
14
77
82
46, 47, 49, 60, 72, 78, 80, 83, 90, 91, 92
85
44
65
73, 81
12, 24, 31, 45, 60, 85, 89, 90, 91, 94
75, 91, 94
58
79
95
80
62, 74, 77, 84, 94, 95
75, 77
60
26
93
88
82
7, 10, 15, 22, 23, 24, 32, 40, 44, 48, 49, 54, 55, 58, 59, 62, 64, 65, 66, 67, 72, 73, 74, 75, 76, 77, 78, 79, 80, 81, 82, 83, 84, 85, 86, 87, 88, 89, 90, 91, 92, 93, 94, 95
59
80
92
80
92
88
53, 95
93
79, 91
54
88
86
89
30, 55, 76, 78, 88, 89, 94, 95
49
81, 87
74
26
79
95
2, 93
82
87, 90
88
87
62
60
83
54
95
77
76, 84
92
88
54, 90, 92
53
74
53, 84
72, 91
66, 73, 92
53, 63, 66, 70, 74, 77, 82, 85, 90, 93
11, 72, 82
84
89, 94
82
79
92
72
48, 70, 83
52
72
89
51, 78, 86
63
57, 80, 91, 93
54
61
5, 64
88
73
71
87
73, 84
80
37
91
32, 50, 76
81
52, 78, 95
67, 90
92
1, 8, 12, 22, 26, 38, 40, 42, 43, 46, 48, 49, 50, 51, 53, 57, 61, 66, 67, 68, 69, 71, 72, 73, 74, 75, 76, 77, 78, 79, 80, 81, 82, 83, 84, 85, 86, 87, 88, 89, 90, 91, 92, 93, 94, 95
83
53, 62, 65, 70, 75, 80, 86, 91
5, 47, 53, 64, 73, 79, 80, 81, 86, 89, 90, 93
18, 60, 95
87
75, 95
20, 27, 28, 39, 43, 72, 76, 78, 80, 83, 84, 86, 87, 90, 91, 93
92
84
75, 78
7
74, 82
95
55
92
76
81
51, 71, 81, 82
85
51, 73, 87, 94
72
95
62, 73, 75, 80, 88
55, 90
62, 69, 72, 74, 88, 89, 90
87
84
66
72
39, 90, 91
82
62, 77, 95
46, 81
86
93
52
87
20, 74, 88, 90
68
55
72
32
76
69
77
78, 93
70
50, 76
72
56, 57, 58
25
32, 86
82
70
92
80, 89
66, 73, 83, 95
50, 75, 88
95
82
66
73, 89
71
61
87
87
30, 88
77
39, 82, 88
89
90
94
79, 85
75
88, 91
94
54, 78
84, 90, 91, 94
70
32, 39, 40, 61, 64, 68, 73, 75, 77, 84, 89, 91, 92, 95
95
72, 81, 87, 91
85
76
63
73
63
80, 86, 92
54, 69, 79, 95
76, 93
87
21, 45, 68, 78, 86
52, 73
59
72
84
48
77, 94
46, 59, 65, 79, 81
85
49
45
31, 84
86
26, 72, 78, 92
83
92
72, 80
72, 89
94
91
55
73
75
47, 89, 94
67
85
89
76, 93
80
72
81, 85
91
75
59, 72, 73, 74, 82, 84
72, 78, 93
64
74
81
72, 82
41
76
75
62
38
55, 56, 87
74
28, 33
47
73
60, 89
87
43, 81
0
69, 79, 80, 83, 89
62
82
85
88
24, 91
56, 60, 61, 71, 76, 77, 78, 84, 85, 87, 91, 95
62, 69
56, 73, 78, 81
71
74, 78, 83, 86, 94
84
88
48
83
86
81
74
80
74
81
72
1, 52, 54, 63, 70, 73, 77, 80, 84, 91, 94
58, 81, 82
88, 92
78
2, 4, 53, 80, 83, 91
36, 81
1
90
80
80, 94
59, 95
10
55, 63, 64, 66, 86
29, 57, 72, 83, 85
87, 88
39, 59, 61, 80, 81, 82, 89, 95
49, 79, 87, 92, 95
95
52
63, 85
83, 92
87
48, 52
78, 92
20, 71
60
78
78
75
0, 2, 13, 19, 22, 24, 29, 30, 31, 36, 38, 39, 42, 43, 44, 45, 46, 47, 48, 49, 50, 51, 52, 54, 57, 60, 61, 62, 63, 65, 67, 68, 69, 70, 72, 73, 74, 75, 76, 77, 78, 79, 80, 81, 82, 83, 84, 85, 86, 87, 88, 89, 90, 91, 92, 93, 94, 95
81
49
83
83
36, 74
81
56
79, 81
33
3, 76, 82, 88, 92
86, 93
78
82, 87
36, 89
86
87
86
73, 91
31, 59, 61, 68, 69, 74, 75, 77, 78, 79, 83, 87, 90, 91, 93
66
7, 27, 59, 67, 71, 77, 81, 87, 92, 95
80
34, 73
59, 60, 65, 75, 78, 85, 86, 87, 89
84
65, 88, 89, 91
48, 87, 91
92
64
65
93
56, 78, 80, 92
61
20, 94
68
48, 72, 78, 79, 85, 87, 90, 92
90
27, 48, 55, 57, 74, 78
86
87
81, 82
81
84
73, 81
80
16
60, 94
74, 94
80
82
15, 77
53, 79
80
73, 83
52, 68, 80, 82
87
90
1, 34, 64, 66, 81, 85, 86
76
69
76
91
44, 48, 77, 85, 92
94
94
51
55
24, 83
72
80
45, 47
92
80, 84
56, 60, 78, 83, 90
46
86
58, 76, 82, 94
2
47
78
71
8
74, 85
82
83
48, 70, 72, 73, 74, 75, 80, 91, 94
67
78
71, 88
72, 85, 89, 90
52, 84
86
88, 90
64, 92
57
93
74, 78, 93
78, 88, 95
7
85
74, 83, 85
76
67
43, 75
73
72, 95
5
8, 79, 85, 93
71
90
37, 68, 90, 94
10, 27, 28, 36, 48, 56, 57, 60, 63, 66, 68, 72, 73, 74, 75, 77, 78, 80, 82, 84, 88, 89, 92, 95
35, 67, 72, 78
83
34, 49, 54, 73, 74, 75, 77, 82, 92, 94
58, 94
64
31
52
45, 91
95
50
51, 94
1, 82, 85, 91
74, 78
81
75, 78
80
90
84
78
65
76, 94
77, 80, 87
61
67, 81
79
87
76, 83, 90, 93
86
20, 75, 78, 83
94
80
69, 79, 91, 92
71
74
50
89
90
75, 84, 87
26, 82
57
66
86
72
51
65
72
43
48, 50, 64, 79, 84, 88, 90
64
4, 75, 82
67
59
73, 74
82, 89
22
78
56, 77
58
84
86
34
84
17, 72, 91
37, 65, 67, 74, 75, 77, 80, 84, 92, 93
73
61, 90
86
65
4, 94
72
83, 95
80
28, 61, 73, 91, 94
38
40, 48, 76, 77, 82, 85
84
88, 93
86
89
73
53
95
82
74
58
86
53, 84, 88, 91, 92, 95
95
57, 86
69, 82, 92
14, 57, 68, 80, 84, 89, 93, 94
68
86
42
82
73
59
73
67, 76, 80, 89
48, 54, 74
94
68, 72
81
88
85
82
84, 90
24
64
81
92
75
7, 79, 80
4
72
32, 51, 53, 56, 62, 63, 76, 77, 79, 81, 82, 86, 87, 88, 92
65
84
87, 91
54, 87, 93
67, 72, 79
85
75
64, 75, 87
72
3, 12, 23, 28, 29, 37, 43, 46, 47, 51, 52, 66, 67, 73, 75, 76, 77, 78, 79, 80, 81, 82, 83, 84, 85, 87, 88, 89, 90, 91, 93, 94, 95
44, 85, 93, 94
59, 74, 77, 79, 86, 94
74, 89
19, 58
77
72
56
39
57, 81, 89, 90
74
28, 50, 70, 80
72, 94
8
37
94
82, 89
76
0
73
92
94
81
83
90
77
89
72, 81, 83, 91, 94
6
74
26, 78
62, 89, 91
40
74
93
37, 79, 84
74, 83
42
95
88
69, 82, 93
67, 78, 81, 83
77
58, 78
79
81
70
15, 25, 27, 30, 37, 41, 46, 51, 54, 58, 59, 66, 70, 73, 74, 75, 76, 77, 78, 79, 80, 81, 82, 84, 85, 86, 87, 88, 89, 90, 91, 93, 95
77
94
35, 56, 72, 73, 84
56
88
56
90
50
92
56, 87
85
3, 25, 33, 55, 57, 64, 73, 76, 77, 80, 81, 84, 85, 87, 90, 92, 93, 95
93
38, 41, 52, 58, 64, 67, 71, 72, 73, 74, 82, 83, 84, 85, 86, 87, 90, 91, 94
87
34, 86
73, 77
92, 94
79
92
76, 81
60
55, 76
72, 86
72, 77, 78, 84, 86, 90, 91, 92
50
61, 88
38, 57, 67, 72, 73, 75, 78, 83, 87, 95
72
92
78
63
91
77
76
40, 48, 55, 67, 71, 73, 76, 78, 80, 81, 82, 84, 85, 89, 93, 95
82, 90, 92
8
55
78
64
66, 79
29, 51, 81, 86, 88, 95
13, 60, 81
52, 62, 82, 91, 92, 93, 94
82
76
81
76
81
53, 90
89
82
86
56
26
19
74
69, 78, 91
42
59, 80
90
80, 81
80
61
51
32, 75, 86, 91
54
85
57, 82
76
60, 64, 65, 76, 77, 78, 81, 82, 90, 93, 95
84
37
70, 88
81
75, 77
54
82, 83
89
52
93
85
80
93
79
80
91
13, 52
83
9, 12, 28, 29, 35, 36, 37, 39, 40, 41, 42, 49, 50, 51, 53, 56, 58, 62, 63, 65, 69, 70, 71, 72, 73, 74, 75, 76, 77, 78, 80, 81, 82, 83, 84, 85, 86, 87, 88, 89, 90, 91, 92, 94, 95
60
86
76, 79, 82, 90
72
80, 82
13, 61
74
21, 56, 88, 90
72
48
88
22, 95
82
0, 2, 5, 10, 11, 13, 14, 18, 19, 23, 24, 26, 27, 28, 32, 34, 35, 36, 37, 39, 40, 43, 47, 48, 49, 51, 52, 54, 55, 57, 59, 61, 62, 63, 64, 65, 66, 67, 68, 69, 70, 71, 72, 73, 74, 75, 76, 77, 78, 79, 80, 81, 82, 83, 84, 85, 86, 87, 88, 89, 90, 91, 92, 93, 94, 95
76
55, 74, 95
44
59
55
80
78
84
52, 79
92
56
76
77, 91
69
72, 78, 83, 85, 86
91
65, 82, 87
58
82
75
81
15
88
50, 73, 74, 78
1, 9, 59, 61, 64, 68, 81, 84, 95
61
94
82
70, 72, 74, 77, 81, 87, 91, 93, 95
61
65, 74
92
77, 85
81, 86, 87
78
8, 9, 24, 39
24
34, 64, 88
82, 85
57, 87, 95
6, 82
89
48
74
94
55
50
75
74
60, 81, 85, 87
51, 67, 83
73
43
48
43
94
28, 68, 70, 75, 79, 89, 90
61
79
73
92
73
6, 53, 65, 73, 74, 76, 77, 78, 80, 81, 84, 87, 89
9, 91, 94
55
64
80
9, 75, 88
69, 87
76
51, 53, 75, 76, 77, 79, 81, 82, 88, 89
13, 55, 84, 95
71
74
53
73
91
79, 89
32, 76
49
84
75, 81
4
41
58, 76, 81, 89, 93
73, 75, 79, 82, 85, 93
85
20, 37, 48, 50, 57, 60, 72, 73, 74, 82, 88, 92
92
80
24
89
54
79, 93
2
85
77
95
62
88, 90
72, 73, 87
69
84, 94
83
41
45, 67, 81
42
74
93
50, 77, 83
91
84, 85
27
73, 83
85, 92
61
63, 91
53
80
82
80
93
94
87
73
77
87
24, 88, 94
91
80
27, 29, 86
63
25, 64, 89, 90
75, 82
92
83
77
87
55, 75, 79, 81, 82, 87, 88, 95
50, 56
75
64
80, 93
73, 77
89
59
94
79
51
53, 68, 75, 89, 91
64, 76
82
73, 91
95
53
80
58, 89
46, 80, 82, 91, 95
6
53, 55
94
77
81, 82
94
84
50, 51, 81, 89
78, 83, 85
28, 53
65
8
92
76, 77
93
78, 79
71
14, 31, 74, 75, 78, 83, 84, 93, 94
33, 36, 51, 53, 55, 58, 60, 68, 73, 74, 75, 76, 78, 79, 80, 81, 82, 83, 86, 90, 91, 92, 95
94
66, 71
88
6, 25, 42, 56, 57, 59, 61, 69, 71, 72, 77, 78, 79, 80, 81, 83, 85, 88, 90, 91, 92, 94, 95
84, 86
80
52, 73, 85
92
73
89
75
88
86
21, 84, 94
54, 84
64
77, 95
57, 70
94
3, 63
74, 94
86
75
0, 1, 2, 5, 6, 7, 10, 11, 14, 15, 16, 17, 18, 20, 21, 22, 23, 25, 26, 27, 30, 31, 32, 33, 34, 35, 36, 37, 38, 39, 40, 41, 42, 44, 45, 47, 48, 49, 50, 51, 52, 53, 54, 55, 56, 57, 58, 59, 60, 61, 62, 63, 64, 65, 66, 67, 68, 69, 70, 71, 72, 73, 74, 75, 76, 77, 78, 79, 80, 81, 82, 83, 84, 85, 86, 87, 88, 89, 90, 91, 92, 93, 94, 95
53
72
30
79
92
74
43, 49, 70, 72, 88, 89, 90, 91
79, 88
74, 86, 90, 91
49, 57
94
53, 66, 72, 87, 94
81
78
9, 52, 55, 56, 58, 65, 72, 73, 80, 91, 92
51
90
86, 93
69, 82, 85
77, 82, 84
56
58
71, 87
85, 93
77
78
95
84
63
94
51
70
81
48, 52, 77, 95
72
55, 68, 94
63, 78, 81, 83, 85
73, 77
74
70
16, 82, 85
75
3, 5, 12, 27, 36, 45, 48, 49, 51, 53, 54, 58, 69, 70, 73, 74, 75, 76, 77, 79, 80, 81, 82, 83, 84, 85, 88, 90, 93, 94, 95
71, 91
78
33, 70
83
18, 25, 77
74
34
62
86, 92
79
49
71
54, 74
65, 76, 80, 90
75
90
90
87
38, 50, 52, 53, 56, 60, 61, 64, 69, 70, 72, 73, 74, 75, 76, 77, 79, 81, 82, 83, 85, 88, 89, 93, 94, 95
78, 94
90
94
84
77, 84
91
77
66
38
95
13, 44
20, 33, 46, 59, 62, 70, 74, 76, 77, 78, 85, 87, 88, 90, 93, 94, 95
85
77
76
89
45, 71, 74
93
91
48
56, 68, 73
74
71
84
83
92
88
63, 77, 82, 89, 91
50, 86
68
95
53
66
82, 92
91
34, 46, 74, 75, 77, 82, 86
49, 74, 84, 95
68
46, 54, 66, 70, 73, 75, 78, 79, 91, 92, 93
23
52, 81
82
77
83
93
75, 77
82
82
27, 81
93
92
53
58, 59, 65, 78
69
81
79
93
89
80, 85, 86
59
55, 84
73, 83, 86
86
73
74
81
83
95
88
78
91
91
45
88
73, 80, 93, 94
82
82
58, 72
75, 93
86
75
82
81
76
85
71, 93
51, 73, 74, 90, 91
29
35, 95
32
65, 75
43, 78, 89
71
65
64
32, 80
75
75, 93
41, 74
74
50, 57, 62, 69, 72, 77, 80, 88, 91, 94, 95
83
48
41, 72, 77, 83, 91, 93
76
73, 77, 80, 84, 85
76, 81
26, 35, 53, 54, 58, 62, 65, 68, 73, 76, 77, 79, 80, 82, 83, 85, 88, 90, 92, 93
74, 87
54, 75
50, 81
39
36, 89
77
73
59, 86, 89, 92, 94
9, 11, 16, 21, 23, 24, 26, 29, 34, 38, 44, 51, 54, 55, 59, 60, 61, 65, 66, 67, 68, 69, 70, 72, 73, 76, 77, 78, 79, 80, 81, 82, 83, 84, 85, 86, 87, 88, 89, 92, 93, 94, 95
29
58
88
92
54
79
81
57, 88
40
88
86
73
74
73, 92
31, 34, 36, 49, 50, 51, 52, 56, 63, 67, 72, 75, 76, 80, 84, 89, 90, 92, 93, 94
4
67, 74, 80, 88
73
74, 95
89
52
88
76
83
70
48
73, 79
44, 83
75
12, 38, 76, 78, 83
65
56
85
72
86
78
72, 86, 89
54
90
79
92
55
83
84
8
55, 65
87
75
40
78
51, 72, 79, 85, 93
34
81
19, 23, 52, 82, 85
93
83
86
64
83
67
81
60, 62
92
48
83
21, 60
91
19, 87
51, 69, 75, 84, 89
17
63, 68, 76, 81, 88, 89
78, 89
72
93
66
80
7, 11, 49, 50, 62, 69, 71, 73, 74, 79, 82, 84, 85, 91
62
94
93
84, 95
94
59, 94
70
40, 53, 65
27, 76
63, 80, 82
76
74, 95
58
91
81
42
95
81, 86
4, 79
92
57
63, 72, 74, 76, 85, 89, 94
18
59
73
87, 88
91
57
95
94
73
79
59
60
71
50, 59, 60, 89, 95
68
81
78
88
66, 73, 81
79
77
35, 60, 78
49
49
61, 77, 89
83, 95
8, 83
77
74, 84, 85, 87, 95
79
52
36
40
72
8
82
16, 29, 48, 80, 95
25
83
74, 79
80, 84, 86
88
89
87
69
75
82
75
82, 83
75
73
76
4, 75
76
78
74
54
71, 74, 79, 89
3, 36, 74, 79, 82, 91, 92, 95
75
87
80
11, 89
88
79
83
77
41, 48, 58, 65, 69, 75, 79, 83, 85, 86, 87, 95
48
41, 49, 55, 71, 76, 78, 79, 83, 87, 88, 90, 92
77
73
50
76
18
18
51
52
58, 79, 83, 89
76, 77, 79, 88, 92, 93
56
61, 62, 72, 75, 76, 86, 91, 94
30
90
70, 74, 82, 84
0, 75, 83
82, 90
62
90
66
77, 94
85, 95
74, 91
52, 85
75
89
74
49
25
59, 73, 75, 77, 84, 87, 93
80, 81
30, 81, 84
66, 72, 77, 78, 85, 86, 87, 89, 94
73, 89, 95
90
75
75
92
74
48
88, 95
30
91
25, 71, 92
75
94
76
58, 72
61, 80
63
93
85
91
5
14, 83, 86, 88, 93
6, 48
93
94
60
90
21, 33, 38, 72, 75, 77, 81, 84, 89
60
1, 35
33
90
79, 95
11, 42
75
91
3, 41, 49, 74, 83, 87
75
52, 89
63
63
68
86
78
44, 75
58
79
86
15, 39, 74, 87
72, 76
78, 92, 95
93
94
89
90
74
29, 62
59, 80, 86, 88, 93
74, 91
75, 79
74
13, 20, 31, 46, 47, 69, 73, 76, 78, 84, 85, 86, 89, 90, 92, 93, 94, 95
79
89
75
73
67
72
82, 92, 93, 95
52
81
83
54
59
75, 85, 87
94
78
69
80
73, 81
57
85
90
7
