86
66
81, 83
3, 5, 12, 27, 36, 45, 48, 49, 51, 53, 54, 58, 59, 69, 70, 73, 74, 75, 76, 78, 79, 80, 81, 83, 84, 85, 88, 92, 93, 94, 95
79
68
95
56, 92
82
77
81
69
59, 86
90
26
84
73, 83
50
65
90
63, 68, 76, 81, 88, 89
90
80
80
35, 49, 53, 66, 75, 76, 78, 81, 83, 87, 88, 89, 90, 91
59
72
64, 75, 87
76
58, 79, 83, 87, 89
83
39, 52, 53, 59, 61, 80, 81, 89
44
75
80
82
56, 80, 92
88
72
90
72
85
76
84
89
92
72
72, 86, 89, 93
85
73, 74
80
75
73
78
77
72
92, 94
74
89
32, 39, 40, 61, 64, 68, 73, 75, 77, 84, 89, 91, 92, 95
63, 74
15, 25, 27, 30, 37, 41, 46, 49, 51, 58, 59, 66, 70, 73, 74, 75, 76, 77, 78, 79, 80, 81, 82, 84, 85, 86, 87, 88, 89, 90, 91, 92, 93
79
57, 86
9, 91, 94
60, 85, 94
83
75
63, 83
70, 72, 74, 77, 81, 83, 87, 91, 93, 95
66
94
52, 68, 82
61
74, 86, 90, 91
13, 55, 95
54, 86
84
74
77, 78
58
89
57
64
44, 75
74
51
81, 85
92
94
74
42
71, 81
87
64, 88
48
3, 36, 70, 79, 82, 91, 92
82
58
45, 71, 74
62, 89, 91
90
92
79
54
82
73
73
64
79
74, 82
74
33, 90
92
79
69
79
56, 60, 61, 71, 76, 77, 78, 84, 85, 87, 91, 95
88
71
84
82, 89
88
24
68
94
37
94
68
91
1
86, 93
89
78, 80
78
50, 76, 79
79
78
0
81, 86
62
50, 62
77
76
35, 78, 88
92
72
19, 51, 53, 56, 62, 63, 76, 77, 79, 81, 82, 83, 86, 87, 88, 92
95
24, 80, 88
91
87
81, 86
81
57
30
92
72, 76
56
50, 73, 74, 78
77
57
70, 85
53, 77, 85
83
72
60
51, 88
55, 74
75
3, 25, 33, 55, 57, 64, 67, 73, 76, 77, 78, 80, 82, 84, 85, 87, 90, 92, 93, 95
56, 65, 94
90
50
51
62
76
58
9, 11, 16, 21, 23, 24, 26, 29, 34, 38, 44, 49, 51, 54, 55, 59, 60, 61, 65, 66, 68, 69, 70, 71, 72, 73, 76, 77, 78, 79, 80, 81, 82, 83, 84, 85, 86, 87, 88, 89, 90, 91, 92, 93, 94, 95
62
42
53, 91
66, 92
11, 89
71
66, 73, 81
83
74, 94
12, 48, 63, 77, 78, 79, 89, 91, 92
32, 43, 86
58, 78
48
48
94
83
78
3, 76, 88, 92
67, 90
63, 85
74
92
29, 94
56, 74
80
83
27, 83, 86, 89, 94
6, 42, 56, 57, 59, 61, 69, 71, 72, 77, 78, 79, 80, 81, 83, 85, 88, 90, 91, 92, 94, 95
56
75, 78
88
79, 91, 92
61
54
46, 81
67
69, 81, 82, 93
67, 76, 80
50, 65
80, 94
86
74, 93
76
95
92
52
69
84
81
86
51, 87, 94
30
18
74
89
76
41
50, 80
72
78
28, 58
93
79, 82, 88, 92, 93
94
17, 72, 77, 91
60
85
31, 34, 36, 49, 50, 51, 56, 67, 72, 75, 76, 84, 85, 88, 89, 90, 92, 93, 94
67
42, 67, 75, 86, 91
66
74, 78, 83
35, 56, 72, 73, 84
1, 8, 22, 25, 26, 30, 31, 38, 42, 43, 46, 48, 49, 50, 51, 53, 57, 60, 61, 66, 67, 68, 69, 71, 72, 73, 74, 75, 76, 77, 78, 79, 80, 81, 82, 83, 84, 85, 86, 87, 88, 89, 90, 91, 92, 93, 94, 95
73, 77
81
10, 71, 75, 87, 88, 91
78, 91
11, 82
6, 48
72, 82
91
94
33, 70
87
49
84, 89, 95
58
36, 74
52
31, 61, 68, 69, 74, 75, 77, 78, 79, 80, 83, 87, 90, 91, 93
75, 90
26, 38, 78
92, 95
17
83
94
74
63
89
85
43, 75
10, 27, 28, 36, 56, 57, 60, 63, 66, 68, 72, 73, 74, 75, 77, 80, 82, 84, 89, 91, 92, 93, 95
95
15, 39, 74, 87
58
93
82
94
77, 91
34
75
70
89
51, 72, 79, 85, 93
63, 91
56, 75, 77
76
85
66
79
89
72
57, 90
8
82
15
74, 84, 85, 87, 95
79, 93
32, 94
76
91
73, 86
71
93
88
56, 87
78
80
57, 81, 89, 90
54, 72
91
71
52
48
94
59, 86, 92, 94
12, 24, 31, 45, 85, 89, 90, 91, 94
77
3, 77
73
68
40, 48, 76, 77, 82, 85
50, 59, 60, 89
84
63
49
28, 50, 57, 62, 69, 72, 73, 77, 80, 88, 89, 91, 94, 95
84
74, 84, 95
95
74
61, 77, 89
87, 88
30, 81, 84
76
25, 67, 74
80
61
66
64, 93
86
95
75, 78
49, 57
91
86
84
50, 69, 72, 74, 88, 89, 90
4, 75
52
54, 69, 79, 91, 93, 95
83
61
85
83
75
52, 72, 74, 76, 78, 83, 88, 89, 92, 95
87
78
87, 94
53
26
41, 72, 77, 83, 91, 93
80
52, 71
30, 74, 79
80, 94
70
77
81
75
85, 87
3, 49, 74, 82, 83, 87
72
8, 50, 86
30, 88
76
88
83
49, 51, 74, 77, 79, 84, 90, 94
5, 71
52, 77
55
75
59, 72, 73, 76, 79, 80, 81, 84, 86, 88, 90, 91, 94, 95
93
77
43, 91
48
16
81, 83
95
77
80
80
20, 71
94
57
88
78, 85, 95
86
74
66
58
76
88
81
18
86
85
54
82
46, 82, 91, 95
43
42
63
59, 72, 73, 74, 82, 84
27, 76
74
88
65
94
49
4
82, 92
45
94
76
20, 37, 48, 57, 60, 70, 72, 73, 82, 88, 92
77, 88, 93
76, 84
74
72, 81, 87
39
93
78
90
85
91
27, 48, 55, 57, 74, 78
33
64, 76
80, 89
44, 48, 85, 92
73, 86, 88
72
87, 92
75
87
17
75, 91, 94
38, 57, 72, 73, 75, 78, 83, 87, 95
92
1
34, 49, 54, 71, 73, 74, 75, 77, 82, 92
94
52, 86
88, 91
80
83
60
88
70
0
26
95
54
65
82, 89
73
54
71
10, 13, 27, 35, 42, 45, 49, 56, 58, 60, 62, 63, 72, 74, 75, 76, 78, 80, 81, 82, 83, 84, 85, 86, 87, 88, 89, 90, 91, 92, 93, 94, 95
86
76
55
82, 87, 88
90
9, 12, 28, 29, 35, 36, 37, 39, 40, 42, 48, 49, 50, 51, 53, 56, 58, 62, 63, 65, 69, 70, 71, 72, 73, 74, 75, 76, 77, 78, 80, 81, 82, 83, 84, 85, 86, 87, 88, 89, 90, 91, 92, 94, 95
49
29, 95
91
89, 94
41, 48, 58, 65, 69, 75, 79, 83, 85, 86, 87, 95
91
83, 94
75
75, 76, 93
32, 50, 76
74
52, 81
59
82
53
76
73
25, 87
77
86
42, 50
68
84
57, 76, 86
40
55, 68, 94
53, 81, 84, 88, 91
90
95
78
86
86, 93
95
73
73
52
78
94
85
2
63, 73
89
90
63, 64, 66, 75, 77, 80, 85, 90
85
79
83
95
52
74, 90
14, 54, 74, 75, 78, 82, 83, 93, 94
92
86
76
45, 91
78
13, 60, 64, 81
80
81
75
1, 38, 82, 85, 91, 93
73, 80, 84, 90, 94
82
20, 71
22
38
92
82
83
0, 2, 3, 13, 19, 22, 24, 29, 30, 31, 38, 39, 41, 42, 43, 44, 45, 46, 47, 48, 50, 51, 52, 54, 57, 60, 61, 62, 63, 65, 67, 68, 69, 70, 72, 73, 74, 75, 76, 77, 78, 79, 80, 81, 82, 83, 84, 85, 86, 87, 88, 89, 90, 91, 92, 93, 94, 95
84
80
85, 91
77
77
74
84
53, 84
86, 92
58, 59, 65, 78
79
79
77
73
6, 53, 65, 73, 74, 76, 77, 78, 79, 80, 81, 84, 87, 89, 93
77
25
80
10
24, 89
75, 78
9, 52, 55, 56, 58, 65, 72, 73, 80, 91, 92
51, 78, 86
64
77
26, 82
88
58, 89
51, 71, 81, 82
0, 2, 5, 10, 11, 14, 18, 19, 23, 26, 27, 28, 32, 34, 36, 37, 39, 40, 43, 47, 48, 49, 51, 52, 54, 55, 57, 59, 61, 62, 63, 64, 65, 66, 67, 68, 69, 70, 71, 72, 73, 74, 75, 76, 77, 78, 79, 80, 81, 82, 83, 84, 85, 86, 87, 88, 89, 90, 91, 92, 93, 94, 95
82
55
83
90
80
48, 83
53, 55, 72
72
95
88, 91
59, 80
77
81, 84
61, 74
48
60
93
84
75
94
48
90
32, 75, 79, 86
76
72
78
80
73, 77, 84
53
27
76, 90
79
81
73
82
68, 89, 90
93
95
33, 90
77, 87
79
80
78
74, 92
75
86, 94
78
73, 83, 86
87
76
84
75, 95
92, 95
56
75
74
84
62, 77
35
82
80
53, 62, 70, 75, 78, 80, 91
68, 79
57
78, 79
72
85
58
54
63
87
72, 85, 89, 90
78
60, 62
53, 69
95
76, 90
86
57, 82
74
89
83
73, 84
90
93
52
79, 80
93
84, 95
75, 81
30, 46, 59, 65, 79, 81
64
90
15, 18, 77
9
92
73, 89
37, 54
75, 89, 94
13
57
81
75, 83, 86
78, 85
73, 74, 90
77, 83
54, 81
59, 81
85
94
73, 75, 88
79
59, 74, 77, 79, 86
54
92
79, 86
81
5, 47, 53, 64, 73, 79, 80, 81, 86, 89, 93
81
87
26
29
40
71, 91
73
84
95
78
79
51
81
54, 75
57
78
43, 49, 70, 72, 88, 89, 90, 91
90
50, 81
94
81
93
92
71, 74, 79, 89
75
82, 86
80
82
45, 67, 81
76, 80
87
81, 82
82, 85, 87
46, 47, 49, 60, 72, 78, 80, 83, 90, 91, 92
82
73
49
2, 86
78, 91
12, 76, 91
20, 28, 39, 72, 78, 80, 83, 84, 86, 87, 91, 93
73, 80, 93, 94
33
79
1, 52, 54, 63, 70, 73, 77, 79, 80, 84, 91, 94
53
74
7, 11, 49, 50, 62, 69, 71, 73, 74, 75, 82, 84, 85, 91
76
75
52
38
49
20, 33, 46, 59, 62, 70, 74, 76, 77, 78, 85, 94, 95
89
87
45, 47, 69, 79, 80, 89
28, 50, 70, 80
92
66
75, 92
75
8, 79, 85, 93
74, 76
26, 72, 78, 92
89
90
59, 80, 86, 88, 93
65, 68, 72, 82
35
88
64, 91
77, 94
94
77
87
69, 78, 91
16, 85
0, 1, 2, 5, 7, 10, 11, 14, 15, 16, 17, 18, 20, 21, 23, 25, 26, 27, 30, 31, 32, 33, 34, 35, 36, 37, 38, 39, 40, 41, 42, 44, 45, 47, 48, 49, 50, 51, 52, 53, 54, 55, 56, 57, 58, 59, 60, 61, 62, 63, 64, 65, 66, 67, 68, 69, 70, 71, 72, 73, 74, 75, 76, 77, 78, 79, 80, 81, 82, 83, 84, 85, 86, 87, 88, 89, 90, 91, 92, 93, 94, 95
54, 63, 75
73
82
77
84
23
58, 93
37
79
59, 76, 78, 93, 94
85
88
94
66
83
30
85
91
67, 72, 79, 89
64
75
72
88
61
87
56, 85
73
82
43, 78, 80, 89
82
72
80, 91, 94
74
92, 94
7
94
92
81
69, 79
85, 87
80
80
48
40, 53, 60, 65
20, 37, 45, 47, 50, 51, 52, 53, 55, 60, 64, 68, 70, 71, 72, 73, 74, 75, 78, 79, 80, 81, 82, 83, 85, 86, 87, 88, 89, 90, 91, 92
93
63
82
80
6
91
94
73
72
83
78
74
5, 42, 44, 45, 51, 56, 57, 63, 64, 69, 73, 76, 77, 78, 79, 82, 83, 84, 87, 88, 89, 91, 92, 93, 94, 95
15
88
82, 90
77, 84
29
64
74
57, 91
79
63
77
87
59, 60, 65, 72, 75, 78, 80, 85, 86, 87, 89
3
76
79
83
5, 64
8
71, 88
24, 83
82, 87
90
65, 75
72
78, 88, 95
21, 60
51, 53, 62, 75, 76, 77, 79, 81, 82, 83, 88, 89, 90, 94
91
95
34
61
66
4, 53, 75, 77, 80, 83, 91, 92
48, 70, 72, 73, 74, 80, 91, 94
62, 93
73
75, 79
51, 73, 74, 90, 91
74
73, 91
79
54, 56, 60, 64, 65, 76, 77, 78, 81, 84, 90, 93, 95
79
77
56, 72, 73, 78, 81
82
53, 90
82
84
88
56, 68, 73, 95
21, 45, 68, 78, 80, 82, 86
56, 84
63, 77, 89, 91
53
81
80
63, 78, 81, 83, 85
83
2
25
56
40
67
30, 55, 76, 78, 88, 89, 94, 95
81
80, 85, 86, 95
8
56, 57
42
94
60
7, 59, 73, 75, 77, 84, 87, 93
68, 72, 74
64
78, 79
82
50
73
75, 79
72
8, 24, 73, 91
52
77
47
10, 39, 42, 58, 63, 70, 84, 85, 90, 93, 95
90, 92
52, 69, 84
87
71, 73, 74, 83
76, 77, 90, 92
58
53, 63, 66, 67, 70, 74, 77, 82, 85, 90, 93
95
13, 20, 31, 46, 47, 48, 69, 73, 76, 78, 84, 85, 86, 89, 90, 92, 93, 94, 95
72
13
72
53
95
71
91
27, 61
93
81
90
78, 88, 92
86
29, 48, 83, 95
95
67, 70, 75, 79
73, 77
41
66, 72, 77, 78, 85, 86, 87, 89, 94
95
80
78, 89
51, 75, 84, 89
70
44
88
70
61
74
49, 79, 87, 92, 95
55
25, 71, 92
88, 92
52, 62, 91, 92, 93, 94
81
90
72
61
76, 77
82, 83, 88
81
34, 64, 66, 81, 85, 86
21, 56, 88
65
65
66
15, 77
44
51, 59
67, 88
91
50
74
86
49
89
69, 73
14, 79, 83, 91, 93
74
68
72, 78, 81
16, 36, 37, 57, 59, 65, 66, 67, 69, 72, 73, 74, 75, 80, 81, 83, 85, 90, 91, 92, 93
26, 35, 53, 54, 58, 62, 65, 68, 73, 76, 77, 79, 80, 82, 83, 84, 85, 88, 89, 90, 92, 93, 95
66
77
86
90
66
24
56, 85
72, 91
79
53
53, 62, 80
4
61
89
58, 81, 82
64, 75
58, 76, 82, 91, 94
82
87
59, 95
90
84
89
95
82
61, 91, 94
7
27
59
36, 73, 83, 95
76
72
84
68
61, 76, 84
56, 75
95
23, 92
5, 29, 72, 81, 86, 95
83
82
48
95
82
95
65
4
92
5
9, 16, 43, 79
91
74
16
67, 80
18, 53, 59, 65, 77, 80, 85, 86, 92, 94
66
54, 90, 92
93
78, 82
55
74
76, 94
87
77, 82
85
89, 90, 91, 94
80
61
74
94
30
79
84
94
70
88
49, 84
80
73
89
73
52, 73, 80
58
0, 2, 62, 76, 84, 88, 89, 95
65
63
94
23, 24, 28, 37, 40, 43, 50, 52, 63, 68, 71, 72, 73, 74, 77, 78, 79, 83, 84, 85, 86, 87, 89, 90, 91, 92, 93, 95
46
19
51
81
84
64
55
48, 50, 64, 79, 84, 88, 90
61, 80
31
73, 77
74
95
73, 81
19, 23, 52, 82, 83, 85
25, 69, 86
80
52
3, 12, 23, 28, 29, 37, 43, 46, 47, 51, 52, 57, 66, 67, 73, 76, 78, 79, 80, 81, 82, 83, 84, 85, 87, 88, 89, 90, 91, 93, 94, 95
41, 94
93
57
86
21, 33, 72, 75, 77, 81, 84, 89, 92
79, 83, 88, 89
92
54, 75
48
83
88
57
91
74
74
92
81
77, 79, 88, 92
69
65
77, 82
82, 89
70
83, 95
51
69
87, 88
8, 9, 24, 39, 83, 85
89
58
67
55
74, 77, 84, 94, 95
72
53
88
93
95
91
77
86
76
86
88
75, 84, 87
55, 79, 81, 82, 87, 88, 95
43, 81
86
85, 95
55
28
89
73
92
80, 84
73, 81
49
94
73
51, 67
84
88
49
52
86, 88
78, 85
81
76, 91
35, 95
24, 90
86, 93
38, 41, 52, 58, 64, 66, 71, 72, 73, 74, 82, 83, 84, 85, 86, 87, 90, 91, 94
42
36, 64, 89
70
82
80, 88
65
92
73
86
85
83
73
37, 75, 79
72
92
70
64, 80
55, 82, 91
73
80
48, 52, 77, 87
69
61
84
55, 79
78, 80, 94
14
95
86, 89
19, 56, 81
76, 81, 88
7, 10, 15, 22, 23, 24, 26, 40, 44, 48, 49, 54, 55, 58, 59, 62, 64, 65, 66, 67, 72, 73, 74, 75, 77, 78, 79, 80, 81, 82, 83, 84, 85, 86, 87, 88, 89, 90, 91, 92, 93, 94, 95
92
74
8, 83
69, 73, 81
80, 81, 83, 86, 90
57, 80, 84, 89, 93, 94
60
73
8
62
77
50, 81, 89
76
78, 92
83
62
72, 73, 75, 78, 79, 82, 85, 93
89
93
82
48, 54, 70, 83
80, 86
4, 12, 38, 72, 75, 76, 78, 82, 83, 85
1, 9, 59, 61, 64, 68, 75, 81, 84, 88, 95
44
85
93
92
76
39
89
46, 54, 66, 70, 73, 79, 91, 92, 93
81
95
55
65
35
41, 49, 71, 76, 78, 79, 83, 84, 87, 90, 91, 92
94
79
91
55
91
86
75
29
58
43
77
65
29, 75
78
72
59
83
50, 58, 75, 88
62
88
82, 90
78, 93
54, 85
79
79
54, 78
31, 74, 94
61
88
49, 83
89
73
85, 95
36, 93
70
83
47
59
54
25, 64, 89, 90
32, 80
94
76
20
37, 65, 67, 74, 75, 77, 84, 92, 93
71
57
90
80, 84, 86
87, 93
52, 91
50
94
83
6, 26, 55, 63, 68, 72, 73, 74, 82, 83, 86, 88, 90, 92, 93
90
77, 80, 86, 87
21, 94
75
94
49
71, 73
17
92
34
73, 76
54, 74, 78
48
72
60
60, 90
55
89
77, 89
22, 95
86
81
57, 68, 72, 78, 79
36, 72
79
74
83
7, 56, 59, 67, 71, 77, 81, 87, 92, 95
61
76
77
86
79
80, 83
89
76, 78, 88, 90, 93
84
84
85, 94
83, 92
76
94
74
77
58, 72, 83, 88, 92
88, 94
18
81
29, 57, 72, 83, 85
74
85
57, 80, 91, 93
81
76
34
74
72, 80
92
90
60
89
87
82
81
81
54, 87, 93
94
86
70
89
87
15, 73
76
52, 81
46
95
63, 72, 74, 76, 85, 89, 94
93
31, 84
58, 77
80
60, 87
76, 93
56
61
93
72
56
83
55, 76
47, 89, 94
95
12, 19, 21, 61, 68, 73, 75, 76, 77, 80, 84, 85, 86, 87, 89, 91, 92, 94
25, 68
10, 82
82, 85
87
46, 74, 77, 82, 86
61, 72, 75, 86, 91, 94
65, 76, 80, 90
77, 84
34
72
55, 63, 64, 66, 86, 87
82
78
93
88, 90
72
69, 82, 85
39, 88
76, 79, 82
73
63
48, 72, 78, 79, 85, 87, 90, 92
94
49, 77
86, 90
55, 56
89
57, 76
73
58, 76, 89, 93
53
69
94
84
51
90
93
92
27, 78
88
60, 85, 87
78
71
66, 79
85
81
89
32
66, 73, 92
86
75
95
82
48, 50
86
83, 92
63
87
95
74, 85
48, 74
84
94
82
86
55
74
62
19, 58
13, 85
82
80
84
89
17
79, 81
40, 48, 55, 67, 73, 76, 78, 80, 81, 82, 84, 85, 89, 93, 95
53, 68, 75, 89, 91
85
76
95
76, 78, 83, 90, 93
33, 36, 51, 53, 55, 58, 60, 63, 68, 73, 74, 75, 76, 78, 79, 80, 81, 82, 83, 86, 90, 91, 92, 95
72, 73, 87
95
32
77
76, 80
83
79
57
59
78
46
65
28
55, 90
78
79
92
94
12, 49, 57, 85, 87, 95
37
92
18, 41, 60, 95
80
32
90
53, 95
28, 73, 92
6, 74
51, 85
84, 86, 87, 91
2, 76, 84
80
63
80
72, 77, 78, 84, 86, 90, 91, 92
74, 80, 86, 92
61
57, 88
80
85
95
1, 77
6
78
66
9, 81
78
72, 81, 83, 91, 94
41
73
54, 86, 92, 93
58
56, 60, 78, 83, 90
75
60
81
39, 90, 91
0, 84, 90
37, 90
38
87
67
78
78
52, 85
85
34
72
44, 85, 94
61
48
82
84
77, 94
24
61, 90
23, 78
85, 92
75
55
76
59
90
4, 93
20, 94
65
48, 54, 77
79
71
94
83
74
75
85, 92
0, 49
45
29, 62
6, 76, 82
44
73, 83
51, 68
65, 88, 89, 91
71
74, 78, 93
32
85, 93
74, 83, 85
56, 82
85
93
75
64
69
71, 77
68
72, 88
5, 38, 50, 52, 53, 56, 60, 61, 64, 69, 70, 72, 73, 74, 75, 76, 77, 79, 81, 82, 83, 85, 88, 89, 90, 93, 94, 95
70, 73, 82, 83, 88
89
70
74
73
90
50
92
79, 95
