7
8
9
16
19
27
30
33
37
42
43
44
48
49
50
53
56
58
60
65
66
68
69
76
81
87
88
89
95
97
98
99
106
110
111
113
119
121
122
125
126
127
128
132
136
138
139
140
141
145
146
147
149
156
164
165
166
167
168
169
170
175
176
178
183
191
197
198
203
205
209
213
216
218
222
225
230
233
234
238
239
245
249
250
257
260
266
269
283
284
286
287
291
296
297
307
310
311
313
315
317
320
321
325
327
328
331
332
338
339
340
341
342
346
347
348
351
359
360
369
373
378
379
380
381
387
388
390
395
397
402
407
416
418
434
436
438
439
442
443
444
445
458
461
462
467
468
469
470
474
478
482
486
487
489
492
493
499
500
512
514
515
518
521
523
524
526
527
529
530
531
535
537
540
541
543
546
548
549
550
552
557
563
564
566
567
568
574
583
589
590
591
594
598
603
604
606
608
620
622
624
626
627
630
631
632
634
636
637
639
643
646
650
654
660
675
681
683
685
688
689
691
693
697
698
705
706
707
709
710
716
717
724
728
729
730
733
738
740
741
751
754
758
760
761
774
776
782
783
784
785
786
789
793
796
799
801
802
803
805
806
807
809
810
811
818
820
822
823
833
834
835
837
840
842
845
847
849
851
860
861
864
868
869
874
875
882
888
889
896
904
905
906
907
910
913
918
919
920
923
930
932
936
937
939
947
950
951
953
954
957
958
960
963
964
966
969
973
975
977
987
988
989
993
994
996
997
1000
1005
1006
1009
1011
1012
1014
1015
1016
1030
1034
1036
1039
1041
1044
1058
1063
1064
1066
1078
1083
1085
1086
1087
1089
1093
1094
1096
1101
1103
1106
1112
1123
1126
1128
1132
1138
1139
1142
1147
1163
1168
1169
1170
1171
1177
1179
1180
1184
1190
1191
1200
1202
1206
1209
1214
1219
1220
1221
1224
1225
1232
1235
1237
1238
1243
1245
1250
1252
1256
1260
1262
1264
1271
1276
1279
1282
1291
1294
1295
1296
1298
1299
1304
1305
1306
1307
1312
1314
1317
1322
1324
1325
1326
1329
1331
1333
1337
1338
1342
1345
1346
1349
1350
1351
1357
1360
1364
1369
1370
1371
1372
1374
1376
1377
1378
1381
1382
1395
1397
1398
1402
1405
1408
1411
1417
1420
1422
1426
1432
1434
1435
1437
1439
1440
1441
1443
1449
1451
1452
1458
1459
1461
1464
1465
1466
1467
1470
1483
1487
1489
1492
1497
1500
1502
1505
1508
1511
1514
1523
1529
1530
1533
1536
1537
1541
1550
1554
1555
1557
1563
1564
1570
1574
1577
1582
1585
1586
1589
1591
1598
1599
1600
1601
1602
1603
1608
1609
1615
1616
1618
1620
1626
1627
1632
1633
1641
1645
1651
1655
1656
1662
1664
1668
1670
1673
1674
1684
1685
1686
1691
1699
1700
1702
1704
1706
1712
1718
1719
1720
1729
1732
1736
1738
1739
1743
1745
1746
1754
1755
1761
1762
1763
1764
1768
1769
1770
1774
1775
1778
1781
1784
1791
1792
1803
1805
1809
1810
1812
1816
1817
1820
1825
1827
1833
1835
1836
1837
1839
1844
1845
1849
1850
1851
1854
1855
1856
1869
1872
1876
1889
1892
1893
1899
1900
1904
1905
1906
1907
1908
1910
1912
1913
1914
1915
1918
1920
1922
1925
1935
1941
1942
1944
1950
1954
1957
1960
1961
1962
1964
1966
1967
1969
1977
1982
1991
1996
2000
2004
2005
2013
2014
2017
2018
2019
2022
2023
2027
2035
2036
2041
2044
2045
2046
2048
2050
2051
2053
2054
2058
2063
2066
2067
2070
2073
2076
2091
2093
2095
2096
2097
2098
2104
2105
2106
2108
2112
2113
2117
2118
2122
2123
2129
2130
2135
2138
2140
2142
2143
2145
2147
2150
2151
2152
2153
2154
2157
2161
2162
2163
2168
2180
2183
2187
2191
2193
2195
2197
2199
2200
2202
2206
2208
2210
2211
2216
2218
2220
2222
2225
2232
2233
2234
2244
2250
2251
2254
2261
2262
2265
2267
2280
2288
2290
2295
2302
2304
2305
2312
2313
2315
2316
2318
2319
2325
2332
2334
2335
2340
2347
2348
2349
2350
2353
2358
2359
2361
2365
2366
2367
2368
2370
2375
2376
2378
2379
2380
2381
2382
2384
2386
2388
2393
2394
2398
2399
2405
2408
2411
2412
2413
2414
2416
2418
2423
2426
2433
2434
2435
2438
2442
2445
2448
2452
2458
2461
2462
2465
2466
2467
2470
2471
2474
2477
2479
2481
2482
2483
2484
2486
2490
2495
2501
2502
2504
2505
2507
2513
2516
2525
2531
2532
2537
2541
2543
2546
2552
2557
2559
2562
2565
2570
2577
2582
2584
2586
2587
2589
2590
2594
2595
2600
2601
2602
2604
2607
2608
2609
2616
2620
2621
2622
2624
2629
2634
2636
2637
2640
2647
2654
2661
2663
2666
2667
2668
2671
2676
2678
2681
2682
2687
2689
2690
2694
2701
2711
2715
2717
2721
2725
2728
2729
2730
2734
2740
2741
2743
2744
2748
2750
2751
2752
2756
2764
2765
2770
2773
2778
2784
2786
2787
2788
2795
2796
2798
2804
2805
2806
2807
2809
2810
2813
2814
2822
2824
2834
2835
2836
2839
2844
2845
2849
2850
2851
2852
2858
2863
2869
2870
2871
2873
2874
2875
2883
2888
2893
2895
2896
2897
2900
2901
2902
2903
2904
2908
2919
2920
2924
2929
2931
2933
2934
2936
2937
2938
2948
2950
2953
2960
2961
2968
2969
2975
2981
2985
2988
2989
3004
3005
3009
3011
3012
3016
3017
3018
3021
3024
3028
3030
3031
3036
3044
3060
3064
3070
3076
3080
3084
3087
3089
3094
3098
3103
3105
3106
3111
3114
3116
3119
3121
3122
3127
3129
3130
3131
3132
3134
3140
3143
3158
3159
3163
3165
3166
3171
3175
3176
3180
3181
3182
3184
3187
3188
3190
3195
3200
3201
3202
3204
3206
3208
3211
3212
3214
3220
3229
3231
3232
3234
3235
3240
3244
3245
3246
3251
3253
3257
3258
3262
3266
3267
3269
3272
3273
3276
3277
3282
3288
3290
3291
3295
3299
3303
3304
3308
3309
3312
3315
3319
3326
3333
3336
3338
3340
3343
3347
3349
3353
3354
3356
3360
3361
3362
3366
3367
3369
3370
3382
3385
3389
3390
3391
3393
3395
3398
3402
3403
3413
3415
3417
3421
3424
3426
3427
3429
3430
3433
3436
3442
3447
3449
3452
3453
3456
3458
3459
3460
3461
3462
3467
3471
3472
3479
3481
3485
3488
3495
3496
3499
3502
3510
3513
3524
3530
3531
3538
3545
3548
3549
3554
3559
3562
3563
3565
3566
3574
3579
3584
3595
3600
3602
3605
3606
3608
3612
3613
3615
3616
3620
3623
3624
3627
3628
3630
3635
3636
3640
3641
3642
3643
3644
3645
3649
3653
3661
3662
3668
3672
3673
3675
3677
3678
3679
3681
3682
3689
3692
3693
3695
3700
3702
3704
3710
3711
3713
3714
3715
3717
3719
3721
3723
3729
3732
3733
3735
3744
3750
3752
3759
3762
3763
3765
3771
3772
3777
3782
3783
3790
3792
3795
3797
3798
3802
3804
3806
3810
3811
3814
3815
3816
3818
3821
3823
3827
3828
3829
3830
3836
3838
3841
3845
3851
3853
3854
3856
3857
3858
3864
3875
3876
3886
3887
3888
3891
3892
3893
3896
3897
3899
3901
3906
3907
3908
3913
3923
3924
3930
3934
3938
3939
3941
3944
3945
3948
3949
3951
3952
3953
3956
3957
3959
3961
3966
3968
3969
3970
3984
3985
3986
3990
3991
3994
3996
3997
3998
4000
4001
4008
4009
4012
4014
4015
4016
4017
4021
4022
4023
4024
4031
4035
4037
4045
4048
4050
4052
4054
4057
4061
4065
4067
4069
4070
4076
4086
4092
4099
4104
4107
4108
4110
4111
4114
4115
4119
4123
4131
4132
4133
4136
4144
4145
4148
4153
4157
4161
4163
4164
4172
4175
4176
4184
4185
4190
4191
4192
4193
4194
4195
4200
4203
4209
4210
4212
4213
4215
4221
4222
4223
4226
4230
4231
4233
4235
4250
4254
4255
4256
4261
4265
4268
4270
4273
4276
4285
4288
4289
4292
4300
4305
4308
4313
4318
4321
4327
4333
4334
4336
4337
4338
4345
4346
4353
4356
4359
4361
4363
4365
4370
4371
4376
4380
4381
4383
4388
4389
4393
4397
4400
4404
4406
4410
4414
4415
4416
4423
4425
4426
4428
4433
4442
4445
4446
4448
4454
4455
4456
4457
4458
4463
4470
4472
4477
4478
4481
4485
4486
4491
4494
4497
4502
4504
4506
4510
4511
4514
4519
4525
4528
4530
4532
4534
4537
4541
4542
4543
4554
4556
4557
4564
4566
4567
4572
4573
4575
4578
4584
4588
4594
4597
4599
4604
4605
4609
4610
4613
4617
4620
4621
4623
4625
4628
4629
4640
4642
4644
4660
4663
4664
4666
4669
4674
4676
4681
4683
4685
4690
4691
4693
4694
4701
4705
4708
4713
4714
4715
4716
4721
4723
4728
4736
4738
4739
4747
4754
4755
4756
4759
4761
4763
4765
4766
4767
4769
4774
4775
4776
4780
4782
4788
4794
4799
4800
4801
4803
4804
4806
4808
4809
4810
4816
4817
4828
4829
4833
4846
4849
4850
4851
4852
4854
4856
4857
4860
4865
4871
4873
4876
4878
4879
4882
4883
4886
4887
4889
4892
4894
4902
4906
4915
4916
4917
4918
4922
4924
4926
4927
4930
4931
4936
4938
4939
4941
4943
4944
4948
4954
4957
4958
4962
4967
4970
4981
4984
4987
4988
4989
4990
4991
4993
4997
4998
4999
