12
14
16
19
21
22
28
33
37
40
44
48
50
51
52
53
56
66
69
78
80
82
84
85
90
95
96
101
102
103
111
114
115
119
121
124
129
131
136
146
148
150
151
152
153
156
160
163
164
165
168
171
175
177
181
182
186
189
190
194
196
202
205
207
209
214
216
229
236
250
251
253
255
259
260
261
263
267
268
275
278
279
281
282
294
295
297
298
302
306
309
314
323
324
325
326
331
335
337
340
341
343
345
346
350
352
354
361
363
369
377
378
380
383
384
385
386
387
388
389
390
403
407
410
413
417
420
421
422
423
426
428
429
436
437
441
442
451
452
458
460
461
463
468
469
472
473
474
476
484
486
491
494
495
500
508
510
513
517
518
519
520
521
522
523
526
530
534
535
540
543
544
546
549
560
562
566
569
573
575
577
583
586
587
588
590
593
595
598
599
600
603
604
607
608
609
612
615
617
621
622
623
632
641
643
645
648
649
653
654
656
657
660
662
663
664
665
668
671
672
674
675
678
682
687
690
691
696
699
712
721
725
726
728
729
732
733
737
739
743
745
753
754
757
760
761
763
764
770
771
776
779
784
789
790
793
795
796
802
803
811
813
814
815
816
819
826
829
831
832
841
842
851
852
853
856
857
861
862
866
867
869
871
877
878
879
885
886
887
890
892
893
895
897
898
903
906
913
918
919
920
928
929
931
932
936
937
941
942
950
951
954
956
960
961
965
971
976
979
986
988
989
1003
1004
1006
1008
1012
1014
1020
1032
1034
1037
1039
1043
1045
1046
1048
1049
1051
1052
1055
1059
1061
1068
1069
1071
1072
1073
1077
1082
1084
1088
1089
1092
1093
1098
1101
1104
1105
1106
1110
1117
1118
1119
1120
1121
1123
1127
1136
1139
1140
1143
1144
1145
1146
1147
1171
1179
1183
1187
1199
1203
1209
1211
1214
1218
1222
1224
1226
1231
1235
1237
1242
1243
1245
1263
1265
1266
1271
1283
1285
1287
1289
1290
1291
1293
1294
1295
1299
1300
1304
1305
1307
1308
1309
1310
1314
1317
1318
1319
1323
1325
1326
1327
1328
1329
1330
1335
1336
1337
1340
1347
1349
1350
1351
1352
1360
1375
1380
1381
1382
1385
1397
1398
1404
1407
1408
1416
1417
1418
1421
1426
1437
1442
1446
1447
1456
1461
1469
1472
1474
1475
1476
1477
1485
1488
1493
1496
1501
1502
1509
1510
1514
1518
1519
1520
1522
1524
1529
1530
1531
1532
1540
1543
1544
1546
1547
1550
1551
1552
1553
1563
1569
1571
1572
1574
1579
1580
1586
1588
1593
1594
1595
1596
1598
1609
1611
1614
1620
1628
1632
1633
1634
1638
1642
1644
1649
1650
1652
1654
1656
1658
1660
1661
1662
1664
1668
1670
1671
1672
1674
1679
1680
1682
1683
1684
1685
1691
1694
1699
1701
1713
1715
1717
1722
1723
1726
1729
1732
1744
1747
1749
1751
1752
1755
1759
1763
1764
1770
1776
1777
1785
1790
1792
1794
1796
1799
1801
1802
1803
1804
1808
1809
1811
1818
1820
1821
1824
1825
1830
1832
1833
1836
1839
1840
1846
1852
1855
1856
1865
1867
1869
1871
1872
1873
1877
1881
1885
1888
1890
1892
1899
1900
1901
1905
1906
1907
1909
1911
1912
1916
1922
1923
1924
1925
1929
1935
1942
1952
1955
1956
1960
1964
1971
1972
1974
1977
1983
1990
1991
1993
1995
1996
1998
2005
2008
2009
2015
2026
2029
2032
2034
2036
2038
2039
2044
2045
2046
2047
2058
2064
2069
2070
2075
2081
2083
2084
2086
2088
2090
2091
2092
2094
2103
2104
2105
2106
2108
2109
2110
2111
2116
2120
2122
2124
2125
2128
2131
2132
2133
2135
2138
2151
2159
2160
2161
2168
2170
2171
2172
2174
2176
2179
2181
2185
2188
2195
2198
2200
2201
2203
2205
2206
2208
2210
2217
2221
2223
2231
2232
2233
2236
2237
2238
2239
2240
2241
2243
2244
2247
2248
2250
2254
2263
2265
2267
2277
2283
2288
2293
2298
2301
2302
2304
2314
2316
2317
2322
2335
2339
2341
2346
2350
2351
2360
2361
2368
2371
2376
2377
2379
2382
2386
2394
2396
2401
2402
2405
2406
2415
2416
2418
2423
2426
2433
2438
2442
2443
2446
2450
2452
2459
2465
2466
2467
2472
2475
2476
2478
2479
2481
2482
2483
2485
2489
2492
2501
2505
2510
2512
2518
2520
2521
2522
2526
2527
2532
2540
2541
2546
2549
2557
2558
2559
2564
2568
2569
2570
2571
2577
2579
2582
2587
2592
2599
2606
2607
2608
2613
2617
2624
2626
2636
2640
2644
2647
2649
2651
2652
2653
2656
2657
2658
2667
2669
2671
2675
2682
2684
2685
2690
2694
2695
2699
2702
2705
2708
2710
2711
2712
2716
2718
2719
2721
2722
2725
2727
2729
2732
2737
2739
2741
2743
2748
2753
2755
2756
2757
2761
2763
2765
2767
2768
2769
2776
2779
2781
2782
2784
2785
2787
2789
2795
2796
2797
2799
2805
2807
2809
2814
2822
2825
2827
2829
2830
2835
2837
2839
2841
2842
2844
2845
2846
2850
2851
2852
2853
2855
2856
2860
2864
2867
2868
2871
2878
2883
2887
2896
2898
2902
2907
2913
2922
2924
2925
2926
2934
2936
2939
2940
2943
2945
2948
2949
2951
2953
2954
2956
2961
2963
2964
2965
2966
2967
2968
2969
2972
2975
2980
2982
2984
2986
2988
2989
2992
2996
3000
3001
3002
3006
3015
3019
3022
3031
3034
3038
3042
3047
3049
3051
3052
3055
3056
3059
3065
3067
3069
3070
3073
3077
3082
3088
3091
3093
3103
3104
3105
3107
3108
3116
3118
3123
3126
3133
3134
3138
3142
3156
3160
3165
3167
3168
3170
3171
3174
3176
3179
3187
3189
3190
3193
3196
3198
3199
3205
3211
3213
3215
3216
3219
3220
3223
3226
3230
3231
3233
3234
3236
3237
3241
3242
3244
3247
3251
3259
3263
3268
3269
3270
3271
3272
3278
3283
3291
3292
3293
3294
3296
3304
3305
3307
3312
3314
3315
3316
3317
3326
3334
3336
3337
3338
3344
3348
3351
3359
3361
3362
3366
3368
3373
3374
3377
3386
3387
3392
3395
3401
3405
3406
3407
3409
3410
3411
3412
3414
3420
3421
3422
3433
3439
3441
3442
3444
3445
3447
3452
3453
3454
3455
3456
3457
3463
3465
3470
3475
3476
3478
3480
3482
3484
3486
3489
3491
3494
3495
3497
3509
3514
3523
3526
3530
3534
3535
3540
3546
3551
3552
3553
3555
3557
3562
3565
3571
3577
3578
3580
3582
3584
3587
3590
3591
3592
3598
3600
3603
3606
3609
3610
3612
3613
3614
3616
3620
3621
3623
3637
3639
3642
3645
3646
3647
3649
3651
3652
3655
3660
3662
3667
3676
3679
3681
3689
3691
3692
3696
3701
3706
3707
3708
3709
3710
3712
3714
3715
3717
3718
3720
3722
3731
3734
3735
3737
3738
3747
3748
3749
3753
3754
3755
3757
3759
3760
3764
3767
3769
3770
3774
3776
3779
3783
3784
3786
3788
3790
3791
3792
3797
3803
3807
3808
3810
3813
3815
3817
3818
3819
3825
3830
3834
3840
3843
3844
3853
3854
3856
3857
3859
3861
3866
3874
3877
3885
3886
3887
3888
3891
3892
3893
3895
3897
3899
3901
3903
3909
3910
3912
3913
3919
3926
3928
3933
3934
3937
3938
3939
3950
3954
3959
3961
3965
3969
3971
3976
3980
3981
3982
3983
3986
3993
3995
3996
3998
3999
4002
4003
4006
4008
4027
4031
4032
4033
4034
4036
4039
4040
4042
4043
4045
4049
4051
4054
4057
4064
4065
4069
4071
4073
4077
4081
4082
4086
4087
4088
4089
4090
4093
4098
4109
4112
4115
4119
4120
4122
4125
4127
4132
4134
4143
4147
4152
4159
4164
4165
4166
4169
4170
4171
4172
4176
4179
4183
4188
4189
4191
4198
4199
4200
4201
4203
4209
4210
4217
4222
4223
4224
4225
4228
4229
4231
4233
4236
4237
4238
4240
4244
4250
4262
4263
4264
4265
4266
4267
4274
4279
4282
4284
4288
4289
4295
4303
4305
4313
4314
4317
4322
4326
4332
4336
4338
4341
4343
4345
4354
4356
4357
4358
4359
4363
4366
4372
4373
4374
4382
4383
4384
4387
4391
4394
4395
4397
4398
4404
4406
4415
4417
4424
4426
4427
4429
4431
4432
4433
4436
4437
4446
4447
4451
4456
4458
4460
4464
4466
4472
4473
4476
4483
4485
4492
4493
4496
4501
4502
4503
4506
4507
4509
4510
4516
4517
4518
4519
4521
4522
4523
4526
4527
4528
4529
4531
4532
4536
4537
4538
4543
4546
4547
4549
4553
4554
4555
4557
4558
4564
4569
4574
4576
4578
4579
4580
4582
4583
4586
4591
4594
4595
4598
4602
4606
4609
4611
4612
4616
4618
4620
4634
4641
4643
4644
4646
4647
4648
4652
4653
4654
4657
4664
4668
4676
4678
4680
4681
4682
4683
4692
4696
4698
4702
4704
4706
4708
4711
4723
4726
4729
4730
4731
4732
4733
4734
4737
4742
4744
4745
4746
4749
4750
4753
4759
4760
4761
4765
4767
4769
4770
4773
4774
4775
4776
4779
4780
4784
4785
4793
4797
4799
4801
4802
4803
4806
4815
4818
4821
4828
4831
4832
4834
4836
4839
4844
4848
4853
4855
4857
4859
4862
4864
4865
4876
4883
4887
4889
4890
4891
4892
4902
4906
4909
4910
4917
4919
4921
4922
4924
4928
4929
4930
4932
4936
4937
4938
4939
4940
4941
4942
4946
4951
4953
4956
4957
4960
4966
4977
4981
4986
4990
4992
4996
4999
