1482.22
1427.34
1211.81
1092.19
1025.40
1017.56
837.72
793.39
651.54
642.29
586.08
544.80
516.97
516.06
514.74
488.91
480.61
457.00
451.12
438.27
430.38
426.75
414.36
410.28
407.88
407.69
393.49
388.11
386.87
380.95
373.48
355.15
345.09
338.56
335.84
326.22
324.25
322.51
313.88
313.06
300.33
300.23
299.29
298.64
295.27
294.63
294.17
290.95
285.64
285.10
283.81
272.03
270.96
267.20
263.45
259.15
257.63
256.17
252.79
252.71
251.89
249.29
247.92
247.90
246.96
243.77
243.10
241.75
241.75
239.62
239.41
236.71
235.52
235.05
232.21
229.60
228.08
227.52
227.50
226.96
225.95
223.55
220.83
217.87
216.01
215.40
214.71
213.00
210.50
208.77
208.67
208.10
206.72
202.14
201.54
200.44
193.60
186.80
185.48
184.38
182.64
181.20
179.88
177.79
177.54
176.82
175.44
174.07
172.49
170.97
169.73
169.41
169.24
169.22
168.45
165.55
165.53
165.09
165.01
160.86
160.26
158.66
158.19
154.04
153.10
152.22
151.56
151.42
151.41
151.37
150.54
149.77
147.69
147.65
146.70
146.44
146.12
145.07
144.78
144.75
143.48
142.70
140.93
139.50
137.68
137.34
136.31
135.91
135.18
134.38
134.03
132.62
132.34
130.49
129.65
128.98
128.42
126.81
126.30
126.05
125.51
125.29
125.19
125.05
124.75
124.55
124.45
123.33
123.08
122.82
122.22
122.16
121.60
121.57
121.54
121.31
120.98
119.25
118.76
118.53
117.58
117.07
116.00
113.77
113.23
113.02
112.98
112.05
110.63
110.43
109.95
109.13
109.01
108.94
108.56
107.87
107.80
107.61
107.24
106.96
106.51
106.13
104.86
104.77
104.45
103.35
102.63
102.53
102.41
101.89
101.61
101.44
100.87
100.81
100.38
100.27
99.90
99.74
99.61
99.40
99.33
99.02
97.85
96.82
96.47
95.81
95.71
93.09
92.36
90.82
90.72
90.14
89.83
89.82
87.81
87.49
86.88
86.85
86.29
85.69
85.26
85.02
84.95
84.85
84.10
83.80
83.04
82.89
82.86
82.57
81.99
81.04
80.95
80.25
80.20
78.11
77.35
76.68
76.20
76.07
75.65
74.98
74.57
74.38
74.28
73.05
72.75
72.66
72.31
71.81
71.50
71.47
70.68
70.57
69.30
69.24
69.20
68.40
67.42
66.43
65.95
65.41
65.31
64.28
64.27
64.03
62.82
62.65
62.19
62.08
61.52
60.60
60.31
60.26
60.16
59.95
58.84
58.54
58.39
58.21
57.31
55.99
55.99
55.72
55.69
55.60
55.59
55.35
54.83
54.60
54.11
52.74
52.63
52.24
52.19
52.09
51.41
51.37
51.16
51.14
50.58
50.06
49.73
49.65
49.15
48.92
48.62
48.38
47.96
46.89
46.64
46.07
46.01
45.84
45.74
45.59
45.08
44.97
43.66
43.64
42.98
42.69
42.37
41.32
40.75
39.77
39.35
38.90
38.82
38.71
38.51
38.41
38.26
37.87
37.86
37.85
37.25
36.77
36.41
36.05
35.98
32.69
32.54
32.54
32.38
30.95
30.68
30.31
30.19
30.06
29.88
29.61
28.87
28.57
28.40
27.58
27.51
26.96
26.80
26.78
26.62
26.33
25.88
25.63
24.68
23.79
23.50
23.43
23.29
22.96
22.77
22.50
21.95
19.62
19.48
18.78
18.18
17.57
17.53
17.29
17.17
16.77
16.62
16.24
15.51
14.11
13.99
13.19
12.99
12.99
12.63
12.08
11.98
11.83
11.05
11.05
