1726.27
1472.46
1353.04
1265.08
1234.7
1189.21
1177.08
1113.17
1107.81
1076.85
1063.53
1048.83
991.998
924.031
908.201
848.483
843.849
818.105
801.349
784.815
782.136
774.176
769.175
753.494
751.169
732.587
716.458
709.133
709.012
705.912
664.432
658.366
654.539
651.556
635
633.6
625.638
616.672
614.892
613.169
609.992
607.377
605.117
603.305
590.417
588.849
587.156
578.942
575.824
575.158
573.664
572.846
565.437
562.512
561.38
558.045
549.126
548.785
541.612
537.078
534.476
530.414
520.664
520.337
519.367
517.943
507.803
504.593
502.713
501.919
498.987
485.575
480.744
480.302
479.349
478.305
475.234
469.879
469.683
465.323
461.421
459.917
450.756
441.758
437.471
435.393
435.091
433.658
425.42
423.708
421.378
421.064
419.644
416.505
412.372
409.698
405.96
403.042
399.004
397.036
396.701
396.694
387.898
387.782
385.778
385.182
381.579
377.612
375.538
372.039
370.098
367.992
367.235
366.844
366.5
363.646
358.02
354.293
354.225
354.001
352.847
351.923
350.43
347.244
346.583
344.972
340.787
336.809
332.664
329.227
326.468
324.789
323.909
322.842
320.736
318.887
316.254
313.504
311.137
310.359
305.966
303.748
299.941
298.77
296.512
295.803
294.59
294.355
292.585
292.092
284.012
283.93
280.253
275.717
274.724
273.033
270.968
269.128
269.061
266.281
266.138
264.928
263.665
258.628
255.761
252.048
247.818
247.026
244.468
243.911
243.466
240.939
238.505
237.646
236.951
235.407
235.077
229.069
228.722
228.092
227.489
227.147
226.889
225.489
223.053
221.892
221.318
219.394
219.265
217.31
216.184
215.975
215.038
211.392
210.645
209.255
208.205
207.691
206.795
203.724
199.785
199.684
199.188
198.584
198.107
197.013
194.907
193.464
192.691
191.1
187.55
184.664
183.939
179.706
178.27
177.677
176.775
176.53
175.787
172.742
172.726
169.396
168.385
168.063
167.09
165.047
164.467
163.365
162.159
161.771
158.428
157.727
156.852
156.452
156.1
154.939
154.637
151.974
148.541
146.845
146.482
146.224
144.155
140.563
139.727
139.592
139.015
138.673
137.914
136.958
136.763
136.229
134.824
134.398
134.358
132.517
130.468
129.496
128.906
124.228
122.82
122.177
121.142
116.757
115.259
114.613
113.73
113.184
112.907
111.592
110.455
110.365
109.352
108.721
108.678
106.241
104.531
103.949
103.509
103.041
102.919
101.501
101.485
101.313
100.719
100.557
99.836
98.6205
95.8521
95.304
94.5782
93.6635
92.4765
92.4174
92.2468
92.1685
88.4559
88.1456
87.9428
86.8288
85.9002
84.8751
84.869
84.8064
84.115
81.8369
81.4048
80.9447
79.335
77.9972
76.8168
72.8275
72.6129
72.4139
70.8061
70.7474
70.4759
69.9508
69.1179
67.4276
66.0472
65.6323
64.093
62.8118
62.7481
61.4491
59.476
58.3166
58.236
56.9877
54.3575
53.372
50.6899
50.5552
49.6645
49.2047
49.1605
48.8399
48.7932
45.8415
44.6377
44.2564
42.4841
42.1561
40.4482
39.1246
38.6882
38.5181
37.7703
37.5751
36.2
35.6612
35.0705
34.9812
34.4589
33.912
32.3767
32.0014
30.5734
28.5979
24.8433
24.5422
22.2561
18.8997
16.3697
12.8683
12.8527
11.8894
11.0581
