965.19
653.80
631.07
580.26
552.33
517.68
483.50
461.41
444.76
434.03
397.18
389.67
384.87
379.10
378.62
366.72
349.60
346.69
343.68
324.35
320.43
316.81
315.45
310.45
309.84
285.94
284.95
279.60
253.69
248.23
247.58
246.24
245.07
243.84
239.25
238.25
236.67
236.02
232.87
226.19
225.06
222.91
220.68
220.57
214.31
208.88
206.73
204.66
204.07
202.88
202.85
202.52
198.76
196.12
191.52
188.06
186.39
181.22
175.61
174.61
172.13
171.92
171.79
168.83
164.42
163.88
161.33
157.40
155.92
155.30
154.38
150.27
148.54
147.01
144.81
144.20
144.08
144.07
143.79
142.95
139.68
138.64
137.46
136.42
136.18
133.21
132.27
132.17
130.39
128.85
128.09
128.05
127.63
126.59
126.01
121.75
119.91
119.43
119.23
118.06
113.93
113.92
112.00
110.42
108.67
108.65
102.97
102.07
101.13
99.39
98.91
98.86
98.39
97.74
97.58
96.77
96.33
96.19
94.24
94.01
93.22
92.52
91.11
90.16
90.12
90.09
89.93
88.26
87.27
86.54
85.94
84.58
84.02
83.84
82.94
80.34
79.29
79.04
78.93
78.78
77.28
75.84
75.49
73.94
71.95
71.74
71.15
69.46
68.82
68.19
67.27
67.20
66.79
66.76
66.31
65.82
65.62
65.60
64.94
62.69
61.96
61.22
61.13
60.58
60.36
60.34
60.18
60.06
58.64
58.33
58.16
56.26
56.04
55.51
53.41
52.46
51.83
51.58
51.03
50.91
50.24
49.76
49.61
48.82
48.57
48.50
48.29
47.85
47.14
46.81
46.01
45.92
45.32
44.61
44.13
43.78
42.53
40.65
40.63
40.24
40.17
40.10
39.94
39.50
39.39
39.26
39.19
38.86
38.74
38.63
38.54
37.93
37.50
37.18
36.31
35.41
35.38
35.14
34.82
34.76
34.69
34.05
32.51
31.66
30.17
29.79
29.58
29.36
28.14
28.07
26.56
26.47
25.56
24.96
24.75
24.67
21.95
21.68
21.59
19.34
18.79
18.64
16.41
16.31
15.99
15.79
15.79
15.43
15.32
13.75
