35, 50, 54, 55, 56, 58, 61, 67, 72, 73, 74, 75, 76, 77, 78, 79, 80, 81, 82, 83, 84, 86, 87, 88, 89, 90, 91, 92, 93, 94, 95
79, 84, 90, 93, 95
38, 50, 59, 61, 65, 69, 70, 72, 73, 74, 75, 76, 77, 78, 79, 80, 81, 82, 83, 84, 85, 86, 87, 88, 89, 90, 91, 92, 93, 94, 95
69, 75, 77, 78, 80, 84, 87, 92
57, 66, 67, 70, 72, 73, 75, 76, 77, 78, 79, 80, 82, 84, 85, 86, 87, 88, 89, 90, 91, 92, 93, 94, 95
50, 59, 65, 69, 70, 74, 75, 76, 78, 79, 82, 83, 84, 85, 86, 87, 88, 89, 90, 91, 92, 94, 95
72, 73
24, 32, 34, 45, 50, 56, 63, 65, 66, 67, 72, 73, 74, 75, 76, 77, 78, 79, 80, 81, 82, 83, 84, 85, 86, 87, 88, 89, 90, 91, 92, 93, 94, 95
0, 2, 3, 4, 5, 9, 10, 11, 13, 14, 15, 16, 18, 20, 21, 24, 25, 26, 27, 28, 29, 30, 31, 32, 33, 34, 35, 36, 37, 38, 39, 40, 41, 42, 43, 44, 45, 46, 47, 48, 49, 50, 51, 52, 53, 54, 55, 56, 57, 58, 59, 60, 61, 62, 63, 64, 65, 66, 67, 68, 69, 70, 71, 72, 73, 74, 75, 76, 77, 78, 79, 80, 81, 82, 83, 84, 85, 86, 87, 88, 89, 90, 91, 92, 93, 94, 95
40, 48, 59, 76, 77, 78, 79, 81, 85, 86, 87, 88, 89, 90, 94
20, 24, 25, 38, 46, 47, 48, 49, 50, 51, 52, 53, 54, 55, 56, 57, 58, 59, 60, 61, 62, 63, 64, 65, 66, 67, 68, 71, 72, 73, 74, 75, 76, 77, 78, 79, 80, 81, 82, 83, 84, 85, 86, 87, 88, 89, 90, 91, 92, 93, 94, 95
55, 58, 73, 76, 77, 78, 79, 80, 83, 86, 87, 88, 89, 90, 91, 93, 95
35, 48, 53, 54, 56, 57, 58, 59, 62, 63, 64, 65, 70, 72, 73, 74, 75, 76, 77, 78, 79, 80, 81, 82, 83, 84, 85, 86, 87, 88, 89, 90, 91, 92, 93, 94, 95
27, 40, 49, 51, 54, 55, 58, 62, 69, 75, 76, 77, 78, 79, 80, 81, 82, 83, 84, 86, 87, 88, 89, 90, 91, 92, 93, 94, 95
48, 65, 73, 76, 78, 85, 89, 91, 92
74, 84, 86, 90, 92, 94
26, 34, 39, 44, 48, 50, 51, 52, 53, 54, 55, 58, 59, 60, 61, 62, 63, 64, 66, 67, 68, 69, 70, 71, 72, 73, 74, 75, 76, 77, 78, 79, 80, 81, 82, 83, 84, 85, 86, 87, 88, 89, 90, 91, 92, 93, 94, 95
84
55, 59, 60, 69, 70, 73, 74, 75, 79, 80, 81, 82, 85, 88, 89, 90, 93
50, 53, 56, 58, 59, 61, 67, 73, 74, 75, 76, 78, 79, 80, 81, 82, 84, 85, 86, 88, 90, 91, 94
48, 49, 50, 53, 54, 55, 60, 61, 63, 66, 67, 68, 69, 72, 73, 74, 75, 76, 77, 78, 79, 80, 81, 82, 83, 84, 85, 86, 87, 88, 89, 90, 91, 92, 93, 94, 95
25, 30, 33, 36, 37, 38, 39, 43, 47, 48, 49, 50, 51, 52, 53, 54, 55, 56, 57, 58, 59, 60, 61, 62, 63, 64, 65, 66, 67, 68, 69, 71, 72, 73, 74, 75, 76, 77, 78, 79, 80, 81, 82, 83, 84, 85, 86, 87, 88, 89, 90, 91, 92, 93, 94, 95
11, 30, 32, 33, 42, 45, 47, 49, 50, 51, 52, 54, 56, 58, 59, 61, 62, 64, 65, 66, 67, 68, 69, 71, 72, 73, 74, 75, 76, 77, 78, 79, 80, 81, 82, 83, 84, 85, 86, 87, 88, 89, 90, 91, 92, 93, 94, 95
64, 66, 74, 75, 78, 79, 80, 81, 82, 83, 84, 91, 92, 93, 94, 95
38, 71, 73, 74, 78, 79, 82, 84, 85, 92, 93
50, 58, 61, 62, 66, 67, 72, 73, 74, 75, 76, 77, 78, 79, 80, 81, 82, 83, 84, 85, 86, 87, 89, 90, 91, 92, 93, 94, 95
14, 26, 28, 30, 37, 39, 41, 46, 47, 48, 49, 50, 51, 52, 53, 54, 55, 56, 57, 58, 59, 60, 61, 63, 64, 65, 66, 67, 68, 69, 70, 72, 73, 74, 75, 76, 77, 78, 79, 80, 81, 82, 83, 84, 85, 86, 87, 88, 89, 90, 91, 92, 93, 94, 95
66, 69, 72, 73, 74, 76, 79, 80, 81, 82, 83, 85, 87, 90, 91, 94
32, 34, 35, 36, 49, 50, 51, 53, 54, 56, 57, 62, 64, 66, 68, 69, 70, 71, 72, 73, 74, 75, 76, 77, 78, 79, 80, 81, 82, 83, 84, 85, 86, 87, 88, 89, 90, 91, 92, 93, 94, 95
64, 72, 75, 76, 78, 79, 81, 83, 85, 86, 87, 89, 91, 93, 94
78, 81, 82, 83, 86, 91, 92, 94
76, 77, 78, 87, 89, 91
27, 37, 43, 45, 48, 49, 50, 51, 52, 53, 54, 55, 56, 57, 58, 59, 60, 61, 62, 63, 65, 66, 67, 68, 69, 70, 71, 72, 73, 74, 75, 76, 77, 78, 79, 80, 81, 82, 83, 84, 85, 86, 87, 88, 89, 90, 91, 92, 93, 94, 95
49, 55, 67, 72, 73, 74, 75, 76, 78, 79, 80, 82, 83, 84, 85, 87, 88, 90, 91, 92, 93, 94, 95
69, 72, 73, 75, 77, 78, 79, 81, 82, 83, 85, 87, 88, 89, 90, 91, 92, 93, 94
26, 33, 37, 49, 50, 51, 52, 53, 54, 55, 56, 57, 58, 59, 62, 66, 67, 68, 69, 70, 71, 72, 73, 74, 75, 76, 77, 78, 79, 80, 81, 82, 83, 84, 85, 86, 87, 88, 89, 90, 91, 92, 93, 94, 95
32, 33, 38, 46, 48, 50, 51, 52, 53, 54, 55, 56, 58, 59, 60, 61, 64, 65, 66, 68, 69, 71, 72, 73, 74, 75, 76, 77, 78, 79, 80, 81, 82, 83, 84, 85, 86, 87, 88, 89, 90, 91, 92, 93, 94, 95
72, 79, 83, 84, 86, 88, 89, 90, 92, 93
37, 51, 54, 55, 56, 57, 59, 64, 65, 66, 69, 70, 72, 73, 74, 75, 76, 77, 78, 79, 80, 81, 82, 83, 84, 85, 86, 87, 88, 89, 90, 91, 92, 93, 94, 95
50, 52, 53, 54, 57, 59, 60, 61, 62, 63, 64, 68, 69, 72, 73, 74, 75, 76, 77, 78, 79, 80, 81, 82, 83, 84, 85, 86, 87, 88, 89, 90, 91, 92, 93, 94, 95
11, 33, 34, 42, 44, 46, 47, 48, 49, 50, 51, 52, 53, 54, 55, 56, 57, 58, 59, 60, 61, 62, 63, 64, 65, 66, 67, 68, 69, 70, 71, 72, 73, 74, 75, 76, 77, 78, 79, 80, 81, 82, 83, 84, 85, 86, 87, 88, 89, 90, 91, 92, 93, 94, 95
26, 37, 41, 49, 50, 51, 53, 54, 56, 61, 62, 65, 66, 67, 68, 69, 70, 71, 72, 73, 74, 75, 76, 77, 78, 79, 80, 81, 82, 83, 84, 85, 86, 87, 88, 89, 90, 91, 92, 93, 94, 95
48, 53, 54, 56, 59, 72, 73, 74, 75, 80, 81, 83, 84, 85, 86, 89, 90, 91, 92, 93, 94, 95
48, 55, 61, 67, 69, 73, 74, 76, 77, 79, 80, 83, 85, 86, 88, 89, 90, 91, 92, 93, 94, 95
88
26, 58, 65, 67, 69, 71, 72, 73, 74, 75, 76, 77, 78, 79, 80, 81, 82, 83, 84, 85, 87, 88, 89, 91, 93, 94, 95
72, 76, 78, 81, 86, 88, 89, 91
48, 52, 56, 58, 59, 60, 62, 63, 64, 66, 67, 69, 70, 71, 72, 73, 74, 75, 76, 77, 78, 79, 80, 81, 82, 83, 84, 85, 86, 87, 88, 89, 90, 91, 92, 93, 94, 95
49, 51, 53, 54, 57, 59, 60, 61, 62, 63, 67, 69, 72, 73, 74, 75, 76, 77, 78, 79, 80, 81, 82, 83, 84, 85, 86, 87, 88, 89, 90, 91, 92, 93, 94, 95
40, 48, 61, 62, 67, 73, 74, 77, 78, 79, 80, 81, 82, 84, 85, 86, 88, 89, 90, 91, 92, 94, 95
57, 62, 68, 72, 73, 74, 75, 76, 77, 78, 79, 80, 81, 82, 83, 84, 85, 86, 88, 92, 93, 94, 95
77, 78, 83, 87, 88, 93, 95
72, 77, 79
50, 57, 73, 75, 76, 78, 82, 83, 84, 85, 87, 90, 91, 93, 94
78
44, 59, 72, 73, 74, 76, 77, 81, 82, 84, 85, 86, 87, 89, 92, 94
29, 54, 75, 78, 80, 81, 83, 85, 89, 90, 92, 95
45, 50, 51, 52, 58, 62, 64, 65, 72, 73, 74, 75, 76, 77, 78, 79, 80, 81, 82, 83, 84, 85, 86, 87, 88, 89, 90, 91, 92, 93, 94, 95
58, 70, 72, 73, 74, 75, 76, 78, 80, 82, 83, 84, 85, 87, 88, 91, 92, 93, 94, 95
62, 75, 78, 79, 80, 87
48, 60, 75, 76, 79, 85, 86, 88, 91
73, 74, 78, 86, 91, 92, 94
39, 60, 64, 72, 73, 75, 76, 77, 78, 79, 80, 81, 82, 84, 85, 86, 87, 88, 89, 90, 91, 92, 93, 94, 95
48, 49, 50, 52, 53, 55, 67, 68, 72, 73, 74, 75, 76, 77, 78, 79, 80, 81, 82, 83, 84, 85, 86, 87, 88, 89, 90, 91, 92, 93, 94, 95
32, 50, 51, 54, 58, 62, 65, 72, 73, 74, 75, 76, 77, 79, 80, 82, 83, 84, 86, 87, 88, 89, 90, 91, 92, 94, 95
51, 57, 67, 71, 72, 73, 74, 75, 76, 77, 78, 79, 82, 83, 86, 87, 88, 89, 90, 91, 92, 93, 94, 95
27, 40, 51, 53, 57, 62, 63, 64, 66, 68, 69, 70, 71, 72, 73, 74, 75, 76, 77, 78, 79, 80, 81, 82, 83, 84, 85, 86, 87, 88, 89, 90, 91, 92, 93, 94, 95
58, 61, 73, 76, 79, 81, 82, 83, 84, 89, 91, 92, 93
87
26, 35, 42, 48, 49, 51, 52, 54, 55, 57, 58, 59, 61, 62, 63, 64, 65, 66, 68, 69, 72, 73, 74, 75, 76, 77, 78, 79, 80, 81, 82, 83, 84, 85, 86, 87, 88, 89, 90, 91, 92, 93, 94, 95
48, 51, 78, 82, 83, 84, 85, 88, 91, 92, 94, 95
6, 28, 31, 48, 49, 50, 51, 52, 53, 56, 57, 58, 59, 60, 61, 62, 64, 65, 67, 68, 69, 70, 71, 72, 73, 74, 75, 76, 77, 78, 79, 80, 81, 82, 83, 84, 85, 86, 87, 88, 89, 90, 91, 92, 93, 94, 95
29, 30, 48, 49, 50, 51, 52, 53, 54, 55, 57, 58, 60, 61, 63, 64, 68, 69, 70, 71, 72, 73, 74, 75, 76, 77, 78, 79, 80, 81, 82, 83, 84, 85, 86, 87, 88, 89, 90, 91, 92, 93, 94, 95
80, 85
78, 85, 92
52, 74, 85, 86, 87, 88, 90, 93, 95
72, 75, 76, 77, 83, 86, 92, 93
50, 51, 55, 72, 73, 74, 75, 76, 77, 78, 79, 81, 82, 83, 85, 86, 87, 88, 89, 91, 92, 94, 95
3, 7, 40, 45, 48, 50, 52, 53, 54, 55, 58, 59, 60, 61, 62, 63, 64, 65, 66, 67, 68, 69, 70, 71, 72, 73, 74, 75, 76, 77, 78, 79, 80, 81, 82, 83, 84, 85, 86, 87, 88, 89, 90, 91, 92, 93, 94, 95
52, 54, 57, 67, 68, 69, 70, 71, 72, 73, 74, 77, 78, 79, 80, 81, 82, 83, 84, 85, 86, 87, 88, 89, 90, 91, 92, 93, 94, 95
49, 51, 52, 57, 62, 69, 71, 72, 73, 74, 75, 76, 78, 79, 80, 81, 82, 83, 84, 85, 86, 87, 88, 89, 90, 91, 92, 93, 94, 95
38, 42, 50, 51, 53, 57, 62, 64, 65, 67, 68, 69, 70, 72, 73, 74, 75, 76, 77, 78, 79, 80, 81, 82, 83, 84, 85, 86, 87, 88, 89, 90, 91, 92, 93, 94, 95
26, 34, 35, 48, 50, 51, 52, 53, 54, 55, 56, 57, 61, 62, 63, 64, 67, 70, 71, 72, 73, 74, 75, 76, 77, 78, 79, 80, 81, 82, 83, 84, 85, 86, 87, 88, 89, 90, 91, 92, 93, 94, 95
19, 26, 38, 47, 48, 49, 51, 52, 54, 55, 56, 57, 58, 59, 60, 61, 62, 63, 64, 65, 66, 67, 68, 69, 70, 72, 73, 74, 75, 76, 77, 78, 79, 80, 81, 82, 83, 84, 85, 86, 87, 88, 89, 90, 91, 92, 93, 94, 95
46, 56, 61, 65, 67, 72, 73, 74, 75, 76, 77, 78, 79, 80, 81, 82, 83, 84, 85, 86, 87, 88, 89, 90, 91, 92, 93, 94, 95
39, 48, 49, 53, 56, 59, 63, 64, 65, 67, 68, 69, 71, 72, 73, 74, 75, 76, 77, 78, 79, 80, 81, 82, 83, 84, 85, 86, 87, 88, 89, 90, 91, 92, 93, 94, 95
19, 27, 36, 48, 49, 50, 52, 53, 54, 56, 59, 65, 67, 68, 72, 73, 74, 75, 76, 77, 78, 79, 80, 81, 82, 83, 84, 85, 86, 87, 88, 89, 90, 91, 92, 93, 94, 95
36, 55, 57, 60, 61, 64, 69, 72, 73, 74, 75, 76, 77, 78, 79, 80, 81, 82, 83, 84, 85, 86, 87, 88, 89, 90, 91, 92, 93, 94
60, 72, 73, 75, 79, 80, 81, 82, 83, 85, 86, 88, 89, 90, 91, 93, 95
46, 57, 60, 65, 73, 76, 77, 78, 82, 83, 84, 85, 86, 87, 90, 91, 93
54, 60, 66, 77, 78, 81, 82, 83, 84, 85, 86, 87, 88, 89, 90, 91, 92, 93, 94, 95
11, 36, 37, 42, 52, 54, 68, 73, 75, 76, 77, 78, 79, 80, 83, 84, 87, 88, 90, 92, 93, 94, 95
74, 89, 91
34, 36, 40, 47, 48, 50, 52, 56, 58, 59, 60, 62, 64, 65, 66, 70, 72, 73, 74, 75, 76, 77, 78, 79, 80, 81, 82, 83, 84, 85, 86, 87, 88, 89, 90, 91, 92, 93, 94, 95
52, 53, 63, 66, 72, 74, 75, 80, 81, 82, 83, 85, 86, 87, 88, 90, 91, 94, 95
48, 49, 53, 58, 60, 72, 73, 74, 76, 78, 81, 82, 83, 84, 85, 87, 88, 90, 91, 92, 94, 95
12, 53, 55, 60, 62, 63, 65, 67, 68, 72, 73, 74, 75, 76, 77, 78, 79, 80, 81, 82, 83, 84, 85, 86, 87, 88, 89, 90, 91, 92, 93, 94, 95
54, 63, 73, 75, 89, 91
43, 48, 51, 54, 59, 63, 69, 72, 73, 74, 75, 76, 77, 78, 79, 80, 81, 82, 83, 84, 85, 86, 87, 88, 89, 90, 91, 92, 93, 94, 95
79, 80, 81, 84, 93, 94
24, 32, 37, 38, 42, 48, 50, 51, 52, 53, 54, 55, 57, 58, 59, 60, 61, 62, 63, 64, 65, 66, 67, 68, 69, 71, 72, 73, 74, 75, 76, 77, 78, 79, 80, 81, 82, 83, 84, 85, 86, 87, 88, 89, 90, 91, 92, 93, 94, 95
38, 40, 48, 49, 51, 58, 65, 66, 72, 73, 74, 75, 77, 78, 80, 81, 83, 84, 85, 86, 87, 88, 89, 90, 91, 92, 93, 94, 95
45, 49, 55, 71, 74, 75, 79, 80, 83, 86, 87, 90, 91, 92, 93, 94
0, 1, 13, 20, 21, 26, 27, 31, 33, 34, 35, 36, 39, 42, 46, 48, 49, 50, 51, 52, 53, 54, 55, 56, 57, 58, 59, 60, 61, 62, 63, 64, 65, 66, 67, 68, 69, 70, 71, 72, 73, 74, 75, 76, 77, 78, 79, 80, 81, 82, 83, 84, 85, 86, 87, 88, 89, 90, 91, 92, 93, 94, 95
67, 79, 83, 93, 94
39, 40, 48, 50, 52, 53, 55, 56, 57, 58, 59, 60, 63, 65, 67, 68, 70, 71, 72, 73, 74, 75, 76, 77, 78, 79, 80, 81, 82, 83, 84, 85, 86, 87, 88, 89, 90, 91, 92, 93, 94, 95
24, 29, 33, 35, 42, 47, 48, 49, 51, 52, 53, 55, 56, 58, 60, 62, 63, 64, 65, 66, 68, 70, 72, 73, 74, 75, 76, 77, 78, 79, 80, 81, 82, 83, 84, 85, 86, 87, 88, 89, 90, 91, 92, 93, 94, 95
28, 46, 64, 72, 74, 78, 81, 82, 84, 85, 86, 92, 94
74, 81, 82, 83, 84, 87, 90
29, 61, 62, 65, 68, 72, 73, 74, 75, 76, 77, 78, 79, 80, 81, 82, 83, 84, 87, 88, 89, 90, 91, 92, 94, 95
1, 24, 25, 42, 48, 52, 53, 54, 55, 56, 57, 60, 61, 62, 63, 64, 66, 67, 68, 69, 70, 71, 72, 73, 74, 75, 76, 77, 78, 79, 80, 81, 82, 83, 84, 85, 86, 87, 88, 89, 90, 91, 92, 93, 94, 95
29, 32, 48, 54, 60, 61, 63, 65, 66, 72, 73, 74, 75, 76, 77, 78, 79, 80, 81, 82, 83, 84, 85, 86, 87, 88, 89, 90, 91, 92, 93, 95
17, 27, 29, 33, 40, 42, 43, 48, 49, 50, 51, 52, 53, 54, 55, 56, 57, 59, 61, 62, 63, 64, 65, 66, 67, 68, 69, 70, 71, 72, 73, 74, 75, 76, 77, 78, 79, 80, 81, 82, 83, 84, 85, 86, 87, 88, 89, 90, 91, 92, 93, 94, 95
32, 49, 50, 51, 53, 54, 56, 58, 61, 62, 63, 64, 66, 67, 68, 69, 70, 72, 73, 74, 75, 76, 77, 78, 79, 80, 81, 82, 83, 84, 85, 86, 87, 88, 89, 90, 91, 92, 93, 94, 95
48, 54, 57, 61, 72, 74, 79, 80, 82, 84, 86, 88, 89, 90, 91, 94, 95
46, 68, 72, 76, 81, 82, 88, 90, 91, 94, 95
51, 52, 56, 72, 75, 76, 78, 80, 86, 87, 90, 91, 93, 95
30, 35, 45, 48, 49, 51, 52, 53, 54, 55, 56, 57, 58, 59, 60, 61, 62, 63, 64, 65, 66, 67, 70, 72, 73, 74, 75, 76, 77, 78, 79, 80, 81, 82, 83, 84, 85, 86, 87, 88, 89, 90, 91, 92, 93, 94, 95
91
91, 93
44, 46, 72, 73, 74, 76, 77, 78, 79, 82, 83, 84, 86, 88, 90, 91, 92, 93, 94, 95
29, 50, 60, 67, 69, 70, 72, 73, 74, 75, 76, 77, 78, 79, 80, 81, 82, 83, 84, 85, 86, 87, 88, 89, 90, 91, 93, 94, 95
74, 83, 84, 88, 92
51, 74, 75, 76, 78, 80, 84, 86, 88, 91
50, 53, 55, 57, 59, 60, 62, 63, 65, 72, 73, 74, 75, 76, 77, 78, 79, 80, 81, 82, 83, 84, 85, 86, 87, 88, 89, 90, 91, 92, 93, 94, 95
49, 71, 74, 75, 76, 79, 81, 84, 85, 86, 88, 89, 93, 94, 95
50, 51, 53, 54, 55, 57, 58, 60, 63, 64, 65, 66, 69, 72, 73, 74, 75, 76, 77, 78, 79, 80, 81, 82, 83, 84, 85, 86, 87, 88, 89, 90, 91, 92, 93, 94, 95
79, 80, 82, 85, 93
74, 78, 79, 81, 83, 86, 90, 91, 93
77, 78, 84, 94, 95
72, 93
56, 63, 83, 86, 87, 88
69, 71, 78, 80, 86, 90, 92, 95
4, 43, 45, 48, 49, 50, 51, 52, 53, 54, 55, 56, 57, 58, 59, 60, 61, 63, 64, 65, 66, 67, 68, 69, 70, 71, 72, 73, 74, 75, 76, 77, 78, 79, 80, 81, 82, 83, 84, 85, 86, 87, 88, 89, 90, 91, 92, 93, 94, 95
40, 51, 56, 57, 62, 65, 66, 69, 70, 72, 73, 74, 75, 76, 77, 78, 79, 80, 81, 82, 83, 84, 85, 86, 87, 88, 89, 90, 91, 92, 93, 94, 95
26, 27, 29, 35, 40, 49, 51, 52, 53, 54, 55, 56, 57, 58, 60, 61, 62, 63, 64, 65, 66, 68, 69, 72, 73, 74, 75, 76, 77, 78, 79, 80, 81, 82, 83, 84, 85, 86, 87, 88, 89, 90, 91, 92, 93, 94, 95
34, 45, 48, 49, 50, 51, 52, 53, 54, 55, 56, 60, 61, 62, 63, 64, 66, 68, 69, 70, 72, 73, 74, 75, 76, 77, 78, 79, 80, 81, 82, 83, 84, 85, 86, 87, 88, 89, 90, 91, 92, 93, 94, 95
49, 53, 68, 72, 73, 75, 76, 77, 78, 79, 81, 82, 83, 84, 86, 87, 88, 89, 90, 91, 92, 93, 94, 95
78, 80, 87
47, 68, 77, 81, 87
29, 50, 53, 54, 55, 57, 59, 63, 64, 65, 66, 68, 69, 72, 73, 74, 75, 76, 77, 78, 79, 80, 81, 82, 83, 84, 85, 86, 87, 88, 89, 90, 91, 92, 93, 94, 95
34, 40, 48, 50, 52, 53, 57, 58, 59, 60, 61, 62, 63, 64, 65, 66, 67, 68, 69, 70, 71, 72, 73, 74, 75, 76, 77, 78, 79, 80, 81, 82, 83, 84, 85, 86, 87, 88, 89, 90, 91, 92, 93, 94, 95
48, 60, 63, 66, 72, 74, 75, 76, 78, 79, 80, 81, 82, 85, 87, 89, 91, 92, 94
74, 78, 82, 83, 85, 87, 88, 89, 91
5, 51, 65, 66, 68, 69, 70, 71, 75, 76, 77, 79, 80, 81, 82, 83, 85, 86, 88, 89, 90, 91, 92, 93, 95
49, 72, 73, 74, 76, 79, 80, 84, 85, 87, 89, 93, 94, 95
1, 7, 8, 25, 26, 27, 29, 30, 31, 36, 37, 39, 40, 42, 43, 45, 46, 47, 48, 49, 50, 51, 52, 53, 54, 55, 56, 57, 58, 59, 60, 61, 62, 63, 64, 65, 66, 67, 68, 69, 70, 71, 72, 73, 74, 75, 76, 77, 78, 79, 80, 81, 82, 83, 84, 85, 86, 87, 88, 89, 90, 91, 92, 93, 94, 95
49, 52, 55, 63, 65, 70, 72, 73, 74, 75, 77, 78, 79, 80, 81, 82, 83, 84, 85, 86, 87, 88, 89, 90, 91, 92, 93, 95
49, 73, 75, 76, 77, 78, 82, 83, 85, 86, 88, 89, 91, 95
73, 77, 78, 83, 84, 85, 87, 88, 89, 91, 94, 95
11, 48, 49, 50, 51, 52, 54, 57, 60, 63, 64, 65, 68, 69, 70, 72, 73, 74, 75, 76, 77, 78, 79, 80, 81, 82, 83, 84, 85, 86, 87, 88, 89, 90, 91, 92, 93, 94, 95
36, 55, 59, 66, 68, 72, 73, 74, 75, 77, 78, 79, 81, 82, 83, 84, 85, 86, 87, 88, 89, 90, 91, 92, 94, 95
45, 61, 72, 75, 84, 89, 91, 94
56, 63, 73, 74, 75, 76, 78, 80, 81, 82, 84, 85, 86, 89, 91, 92, 95
50, 61, 74, 78, 79, 81, 83, 87, 88, 89, 90, 91, 92, 93, 94
9, 22, 24, 25, 26, 27, 28, 30, 31, 32, 33, 34, 35, 37, 38, 43, 44, 48, 49, 50, 51, 52, 53, 54, 55, 56, 57, 58, 59, 60, 61, 62, 63, 64, 65, 66, 67, 68, 69, 70, 71, 72, 73, 74, 75, 76, 77, 78, 79, 80, 81, 82, 83, 84, 85, 86, 87, 88, 89, 90, 91, 92, 93, 94, 95
52, 53, 73, 75, 76, 77, 78, 80, 81, 82, 83, 85, 86, 87, 88, 90, 91, 92, 93, 94
49, 52, 63, 64, 70, 73, 74, 75, 76, 77, 78, 80, 82, 85, 87, 88, 89, 90, 91, 92, 94, 95
32, 33, 36, 51, 56, 58, 60, 61, 62, 66, 67, 72, 73, 74, 75, 76, 77, 78, 79, 80, 81, 82, 83, 84, 85, 86, 87, 88, 89, 90, 91, 92, 93, 94, 95
77, 82, 84, 86, 88, 89, 91
73, 74, 79, 80, 81, 83, 85, 88, 90, 94, 95
27, 49, 51, 52, 54, 55, 56, 57, 59, 60, 63, 67, 71, 72, 73, 74, 75, 76, 77, 78, 79, 80, 81, 82, 83, 84, 85, 86, 87, 88, 89, 90, 91, 92, 93, 94, 95
9, 46, 48, 49, 53, 60, 62, 63, 65, 66, 68, 72, 73, 74, 75, 76, 77, 78, 79, 80, 81, 82, 83, 84, 85, 86, 87, 88, 89, 90, 91, 92, 93, 94, 95
24, 36, 41, 48, 49, 50, 51, 52, 54, 55, 56, 57, 58, 59, 60, 61, 62, 63, 65, 67, 68, 69, 71, 72, 73, 74, 75, 76, 77, 78, 79, 80, 81, 82, 83, 84, 85, 86, 87, 88, 89, 90, 91, 92, 93, 94, 95
14, 48, 51, 56, 59, 62, 70, 72, 73, 74, 75, 76, 77, 78, 79, 80, 81, 82, 83, 84, 86, 87, 88, 90, 91, 92, 93, 94, 95
28, 37, 48, 51, 53, 54, 55, 56, 57, 58, 59, 61, 62, 63, 65, 67, 69, 70, 71, 72, 73, 74, 75, 76, 77, 78, 79, 80, 81, 82, 83, 84, 85, 86, 87, 88, 89, 90, 91, 92, 93, 94, 95
57, 66, 72, 74, 78, 79, 80, 81, 83, 84, 85, 86, 89, 91, 92, 94
0, 6, 25, 26, 27, 28, 29, 33, 34, 38, 40, 42, 43, 45, 48, 49, 50, 51, 52, 53, 54, 55, 56, 57, 58, 59, 60, 61, 62, 63, 64, 65, 66, 67, 68, 69, 70, 71, 72, 73, 74, 75, 76, 77, 78, 79, 80, 81, 82, 83, 84, 85, 86, 87, 88, 89, 90, 91, 92, 93, 94, 95
77, 80, 81, 88
52, 53, 54, 59, 60, 61, 62, 64, 65, 66, 68, 69, 70, 71, 72, 73, 74, 75, 76, 77, 78, 79, 80, 81, 82, 83, 84, 85, 86, 87, 88, 89, 90, 91, 92, 93, 94, 95
89, 95
35, 52, 54, 72, 73, 77, 78, 81, 82, 83, 84, 85, 86, 87, 88, 89, 90, 91, 92, 93, 95
27, 51, 62, 72, 73, 74, 80, 83
50, 54, 55, 56, 70, 72, 73, 74, 76, 77, 78, 80, 81, 82, 84, 85, 86, 87, 88, 89, 90, 91, 92, 93, 94, 95
49, 50, 52, 53, 55, 57, 59, 60, 62, 63, 68, 69, 70, 72, 74, 75, 76, 77, 78, 79, 80, 81, 82, 83, 84, 86, 87, 88, 89, 90, 91, 92, 93, 94, 95
24, 86, 88
27, 28, 36, 37, 39, 40, 48, 49, 50, 51, 52, 53, 54, 56, 57, 58, 59, 60, 61, 62, 63, 64, 65, 66, 68, 69, 70, 71, 72, 73, 74, 75, 76, 77, 78, 79, 80, 81, 82, 83, 84, 85, 86, 87, 88, 89, 90, 91, 92, 93, 94, 95
52, 66, 67, 73, 74, 75, 78, 80, 81, 83, 84, 85, 86, 89, 90, 91, 92, 93, 95
20, 48, 53, 54, 60, 65, 67, 72, 74, 76, 78, 79, 80, 81, 83, 84, 85, 90, 91, 92, 95
65, 72, 73, 74, 79, 81, 86, 87, 88, 90, 91, 93, 94
51, 52, 53, 55, 59, 61, 63, 64, 66, 67, 68, 69, 72, 73, 74, 75, 76, 77, 78, 79, 80, 81, 82, 83, 84, 85, 86, 87, 88, 89, 90, 91, 92, 93, 94, 95
37, 71, 72, 73, 75, 76, 77, 79, 80, 81, 82, 83, 85, 86, 87, 88, 89, 90, 91, 92, 93, 94, 95
66, 75, 76, 78, 80, 82, 86, 88, 90, 91, 92, 93
25, 42, 48, 51, 57, 62, 63, 67, 68, 72, 73, 74, 76, 77, 78, 79, 80, 81, 82, 83, 84, 85, 86, 87, 88, 89, 90, 91, 92, 94, 95
29, 50, 51, 52, 54, 55, 58, 61, 63, 66, 67, 72, 73, 74, 75, 76, 77, 78, 79, 80, 81, 82, 83, 84, 85, 86, 87, 88, 89, 90, 91, 92, 93, 94, 95
49, 50, 52, 53, 54, 57, 60, 71, 72, 73, 74, 75, 76, 77, 78, 79, 80, 81, 82, 83, 84, 85, 86, 87, 88, 89, 90, 91, 92, 93, 94, 95
34, 35, 42, 48, 49, 50, 51, 55, 56, 57, 58, 59, 62, 63, 64, 65, 66, 69, 71, 72, 73, 74, 75, 76, 77, 78, 79, 80, 81, 82, 83, 84, 85, 86, 87, 88, 89, 90, 91, 92, 93, 94, 95
64, 76, 82, 92
10, 34, 48, 49, 50, 51, 52, 53, 54, 55, 56, 57, 58, 59, 61, 62, 63, 64, 65, 66, 67, 68, 69, 71, 72, 73, 74, 75, 76, 77, 78, 79, 80, 81, 82, 83, 84, 85, 86, 87, 88, 89, 90, 91, 92, 93, 94, 95
73, 80, 82, 83, 89, 90, 92, 94
50, 52, 55, 56, 59, 60, 62, 65, 66, 67, 68, 69, 71, 72, 73, 74, 75, 76, 77, 78, 79, 80, 81, 82, 83, 84, 85, 86, 87, 88, 89, 90, 91, 92, 93, 94, 95
65, 72, 77, 80, 81, 86, 88, 90, 91, 95
35, 48, 50, 53, 54, 55, 58, 62, 65, 68, 72, 73, 74, 75, 76, 77, 78, 79, 80, 81, 82, 83, 84, 86, 87, 88, 89, 90, 91, 92, 93, 94, 95
38, 48, 59, 61, 68, 72, 75, 76, 77, 78, 79, 81, 82, 83, 84, 85, 86, 87, 88, 89, 90, 91, 92, 94, 95
28, 32, 48, 49, 52, 57, 59, 60, 61, 62, 64, 65, 67, 70, 71, 72, 73, 74, 75, 76, 77, 78, 79, 80, 81, 83, 84, 85, 86, 87, 88, 89, 90, 91, 93, 94, 95
51, 61, 67, 71, 74, 75, 76, 79, 80, 82, 86, 91, 92, 95
49, 51, 55, 67, 71, 72, 73, 74, 75, 77, 78, 79, 80, 81, 82, 83, 85, 86, 87, 88, 89, 90, 91, 92, 93, 94, 95
60, 72, 73, 74, 75, 76, 77, 80, 81, 82, 84, 86, 87, 92
90, 93
52, 75, 82, 83, 84, 86, 88, 90
43, 48, 49, 60, 65, 72, 73, 74, 75, 76, 77, 78, 79, 80, 81, 84, 86, 87, 88, 89, 90, 91, 92, 93, 94, 95
50, 72, 73, 76, 77, 79, 82, 85, 86, 87, 89, 90, 91
6, 7, 20, 24, 26, 28, 29, 30, 31, 33, 37, 38, 39, 40, 41, 44, 45, 46, 47, 48, 49, 50, 51, 52, 53, 54, 55, 56, 57, 58, 59, 60, 61, 62, 63, 64, 65, 66, 67, 68, 69, 70, 71, 72, 73, 74, 75, 76, 77, 78, 79, 80, 81, 82, 83, 84, 85, 86, 87, 88, 89, 90, 91, 92, 93, 94, 95
48, 52, 63, 71, 72, 73, 74, 75, 76, 77, 78, 80, 83, 84, 85, 86, 88, 89, 90, 91, 92, 93, 94, 95
82, 86, 89, 90, 91, 93
0, 3, 6, 11, 14, 20, 21, 22, 24, 25, 26, 27, 28, 31, 33, 34, 35, 36, 37, 38, 39, 40, 41, 43, 44, 45, 46, 47, 48, 49, 50, 51, 52, 53, 54, 55, 56, 57, 58, 59, 60, 61, 62, 63, 64, 65, 66, 67, 68, 69, 70, 71, 72, 73, 74, 75, 76, 77, 78, 79, 80, 81, 82, 83, 84, 85, 86, 87, 88, 89, 90, 91, 92, 93, 94, 95
38, 48, 49, 50, 51, 53, 56, 58, 59, 64, 65, 68, 69, 70, 72, 73, 74, 75, 76, 77, 78, 79, 80, 81, 82, 83, 84, 85, 86, 87, 88, 89, 90, 91, 92, 93, 94, 95
35, 37, 50, 57, 62, 66, 71, 72, 73, 74, 75, 76, 77, 78, 79, 80, 81, 82, 83, 84, 85, 86, 87, 88, 89, 90, 91, 92, 93, 94, 95
72
28, 43, 50, 52, 53, 57, 58, 63, 65, 66, 68, 71, 72, 73, 74, 76, 77, 78, 79, 80, 81, 82, 83, 84, 85, 86, 88, 89, 90, 91, 92, 93, 94, 95
47, 51, 52, 54, 55, 56, 57, 62, 64, 70, 72, 73, 74, 75, 76, 77, 78, 79, 80, 81, 82, 83, 84, 85, 86, 87, 88, 89, 91, 92, 93, 94, 95
33, 48, 60, 62, 63, 72, 73, 74, 75, 76, 77, 79, 80, 81, 82, 83, 84, 86, 87, 88, 89, 90, 91, 93, 94, 95
54, 70, 71, 72, 74, 75, 76, 77, 78, 81, 82, 83, 85, 86, 88, 90, 91, 92, 93, 94, 95
49, 51, 53, 58, 66, 72, 73, 74, 76, 77, 79, 81, 83, 84, 85, 86, 87, 88, 89, 90, 92, 93, 94
72, 73, 77, 80, 81, 82, 83, 85, 90, 94, 95
25, 26, 27, 28, 31, 48, 50, 51, 53, 54, 55, 56, 58, 59, 60, 61, 62, 63, 65, 66, 68, 69, 70, 72, 73, 74, 75, 76, 77, 78, 79, 80, 81, 82, 83, 84, 85, 86, 87, 88, 89, 90, 91, 92, 93, 94, 95
54, 56, 58, 72, 73, 74, 75, 76, 77, 78, 80, 82, 83, 84, 85, 86, 87, 88, 90, 91, 92, 93, 94, 95
36, 41, 50, 52, 53, 61, 72, 74, 75, 76, 77, 78, 79, 80, 81, 82, 83, 85, 86, 88, 89, 90, 91, 93, 94, 95
73, 74, 75, 77, 78, 79, 82, 85, 86, 87, 88, 90, 91, 92, 94
71, 72, 74, 75, 76, 78, 80, 83, 85, 87, 88, 90, 92, 94
74, 76, 80, 84, 87, 91
17, 19, 24, 25, 26, 27, 28, 29, 30, 31, 33, 35, 37, 38, 39, 40, 41, 43, 44, 45, 46, 47, 48, 49, 50, 51, 52, 53, 54, 55, 56, 57, 58, 59, 60, 61, 62, 63, 64, 65, 66, 67, 68, 69, 70, 71, 72, 73, 74, 75, 76, 77, 78, 79, 80, 81, 82, 83, 84, 85, 86, 87, 88, 89, 90, 91, 92, 93, 94, 95
38, 48, 49, 50, 51, 53, 57, 59, 61, 67, 70, 71, 72, 73, 74, 75, 76, 77, 78, 79, 80, 81, 82, 83, 84, 85, 86, 87, 88, 89, 90, 91, 92, 93, 94, 95
43, 53, 56, 58, 61, 62, 66, 68, 70, 72, 73, 74, 75, 76, 77, 78, 79, 80, 81, 82, 83, 84, 85, 86, 87, 88, 89, 90, 91, 92, 93, 94, 95
51, 52, 62, 69, 75, 77, 79, 81, 82, 83, 84, 86, 87, 89, 91, 92, 93, 94, 95
36, 48, 49, 50, 51, 55, 57, 58, 63, 65, 71, 72, 73, 74, 75, 76, 77, 78, 79, 80, 81, 82, 83, 84, 85, 86, 87, 88, 89, 90, 91, 92, 93, 94, 95
2, 15, 21, 23, 24, 28, 30, 31, 32, 34, 35, 36, 39, 41, 42, 45, 47, 48, 49, 50, 51, 52, 53, 54, 55, 56, 57, 58, 59, 60, 61, 62, 63, 64, 65, 66, 67, 68, 69, 70, 71, 72, 73, 74, 75, 76, 77, 78, 79, 80, 81, 82, 83, 84, 85, 86, 87, 88, 89, 90, 91, 92, 93, 94, 95
48, 51, 52, 53, 54, 55, 57, 58, 59, 60, 61, 62, 63, 64, 66, 68, 69, 71, 72, 73, 74, 75, 76, 77, 78, 79, 80, 81, 82, 83, 84, 85, 86, 87, 88, 89, 90, 91, 92, 93, 94, 95
40, 50, 56, 71, 74, 78, 83, 85, 86, 87, 88, 89, 90, 91, 94, 95
16, 47, 48, 52, 53, 54, 55, 56, 57, 58, 61, 66, 67, 69, 72, 73, 74, 75, 76, 77, 78, 79, 80, 81, 82, 83, 84, 85, 86, 87, 88, 89, 90, 91, 92, 93, 94, 95
52, 74, 76, 77, 78, 81, 83, 84, 91
42, 43, 48, 50, 54, 63, 68, 70, 72, 73, 74, 75, 76, 77, 78, 79, 80, 81, 82, 83, 85, 86, 87, 88, 89, 91, 92, 93, 94, 95
5, 7, 10, 12, 14, 16, 18, 24, 25, 27, 28, 29, 30, 31, 32, 34, 35, 36, 37, 38, 39, 40, 41, 42, 43, 44, 45, 46, 47, 48, 49, 50, 51, 52, 53, 54, 55, 56, 57, 58, 59, 60, 61, 62, 63, 64, 65, 66, 67, 68, 69, 70, 71, 72, 73, 74, 75, 76, 77, 78, 79, 80, 81, 82, 83, 84, 85, 86, 87, 88, 89, 90, 91, 92, 93, 94, 95
61, 72, 76, 77, 78, 79, 82, 84, 88, 89, 90, 91, 92, 93, 94
48, 49, 50, 51, 59, 62, 63, 65, 68, 72, 73, 74, 75, 76, 77, 78, 79, 80, 81, 82, 83, 84, 85, 86, 87, 88, 89, 90, 91, 92, 93, 94, 95
44, 48, 49, 56, 60, 65, 68, 70, 71, 72, 73, 74, 75, 76, 77, 78, 79, 80, 81, 82, 83, 84, 85, 86, 87, 88, 89, 90, 91, 92, 93, 94, 95
52, 56, 59, 67, 72, 73, 74, 75, 76, 77, 78, 79, 80, 81, 82, 83, 84, 85, 86, 87, 88, 89, 90, 91, 92, 93, 94, 95
48, 53, 54, 69, 72, 73, 75, 76, 77, 79, 80, 81, 82, 83, 84, 85, 86, 88, 89, 90, 91, 93, 94, 95
24, 27, 38, 39, 40, 43, 44, 45, 51, 53, 54, 55, 56, 57, 58, 59, 60, 61, 62, 64, 65, 67, 68, 69, 72, 73, 74, 75, 76, 77, 78, 79, 80, 81, 82, 83, 84, 85, 86, 87, 88, 89, 90, 91, 92, 93, 94, 95
37, 59, 61, 69, 73, 74, 76, 77, 78, 79, 80, 81, 82, 83, 84, 85, 86, 87, 88, 89, 90, 91, 92, 93, 94, 95
53, 73, 74, 75, 76, 78, 83, 84, 85, 86, 87, 92, 93, 94
49, 54, 57, 59, 72, 73, 74, 76, 77, 80, 81, 82, 83, 84, 85, 86, 87, 88, 90, 91, 92, 93, 94, 95
31, 70, 77, 79, 81, 83, 86, 88, 92, 93, 94, 95
74, 82
56, 60, 61, 72, 73, 75, 76, 77, 78, 79, 80, 81, 84, 85, 86, 87, 88, 89, 90, 91, 92, 93, 94, 95
35, 66, 67, 76, 78, 79, 80, 81, 83, 85, 86, 91, 92, 94
56, 62, 73, 74, 75, 79, 81, 82, 84, 87, 88, 89, 90, 91, 92, 93, 95
50, 53, 55, 59, 60, 62, 67, 72, 73, 74, 75, 76, 77, 78, 79, 80, 81, 82, 83, 84, 85, 86, 87, 88, 89, 90, 91, 92, 93, 94
30, 31, 32, 42, 49, 51, 53, 54, 55, 56, 59, 61, 64, 65, 70, 71, 72, 73, 74, 75, 76, 77, 78, 79, 80, 81, 82, 83, 84, 85, 86, 87, 88, 89, 90, 91, 92, 93, 94, 95
55, 57, 66, 72, 73, 74, 75, 76, 77, 79, 80, 81, 82, 83, 84, 85, 86, 87, 89, 90, 91, 92, 93, 94, 95
18, 30, 53, 60, 61, 67, 69, 72, 73, 74, 75, 76, 77, 78, 79, 80, 81, 82, 83, 84, 85, 86, 87, 88, 89, 90, 91, 92, 93, 94
50, 51, 56, 62, 63, 68, 70, 72, 73, 74, 75, 76, 77, 78, 79, 80, 81, 82, 83, 84, 86, 87, 88, 89, 90, 91, 92, 93, 94, 95
36, 45, 51, 57, 61, 64, 67, 72, 73, 74, 75, 76, 77, 78, 79, 80, 81, 82, 83, 84, 86, 87, 88, 89, 90, 91, 92, 93, 94, 95
7, 29, 32, 35, 37, 40, 42, 47, 48, 49, 50, 51, 52, 53, 54, 55, 56, 57, 58, 59, 60, 61, 62, 63, 64, 65, 66, 67, 68, 69, 70, 71, 72, 73, 74, 75, 76, 77, 78, 79, 80, 81, 82, 83, 84, 85, 86, 87, 88, 89, 90, 91, 92, 93, 94, 95
49, 55, 57, 59, 60, 62, 65, 68, 69, 70, 71, 72, 73, 74, 75, 76, 77, 78, 79, 80, 81, 82, 83, 84, 85, 86, 87, 88, 89, 90, 91, 92, 93, 94, 95
63, 72, 73, 74, 75, 77, 79, 81, 82, 85, 86, 87, 88, 89, 90, 92, 93, 94, 95
69, 73, 74, 75, 76, 78, 79, 80, 82, 83, 84, 85, 88, 90, 93, 94, 95
73, 74, 75, 81, 82, 83, 84, 85, 90, 92, 93
72, 73, 75, 76, 78, 81, 82, 83, 85, 87, 89, 91, 92, 95
38, 49, 50, 51, 53, 56, 57, 58, 60, 61, 63, 65, 66, 67, 68, 72, 73, 74, 75, 76, 77, 78, 79, 80, 81, 82, 83, 84, 85, 86, 87, 88, 89, 90, 91, 92, 93, 94, 95
28, 40, 51, 55, 64, 73, 74, 75, 77, 78, 79, 80, 83, 84, 86, 87, 88, 89, 90, 93, 94, 95
49, 61, 63, 65, 69, 72, 74, 75, 76, 77, 78, 79, 80, 82, 83, 84, 85, 86, 87, 88, 89, 90, 91, 92, 93, 94, 95
73, 74, 76, 79, 80, 81, 82, 84, 85, 86, 87, 88, 90, 91, 93
49, 51, 60, 71, 72, 73, 74, 75, 77, 78, 79, 80, 81, 82, 83, 84, 85, 86, 87, 88, 90, 91, 93, 94, 95
39, 50, 56, 62, 63, 64, 66, 68, 69, 71, 72, 73, 74, 75, 76, 77, 78, 79, 80, 81, 82, 83, 84, 85, 86, 87, 88, 89, 90, 91, 92, 93, 94, 95
6, 27, 32, 36, 41, 45, 46, 48, 49, 50, 51, 52, 54, 55, 56, 57, 58, 59, 60, 61, 63, 64, 65, 66, 68, 69, 70, 71, 72, 73, 74, 75, 76, 77, 78, 79, 80, 81, 82, 83, 84, 85, 86, 87, 88, 89, 90, 91, 92, 93, 94, 95
78, 87, 93, 94
49, 56, 67, 72, 75, 77, 78, 79, 81, 82, 83, 85, 86, 87, 88, 89, 91, 92, 93, 94, 95
37, 38, 41, 49, 50, 51, 52, 53, 54, 55, 56, 57, 58, 59, 61, 62, 64, 65, 67, 68, 69, 70, 72, 73, 74, 75, 76, 77, 78, 79, 80, 81, 82, 83, 84, 85, 86, 87, 88, 89, 90, 91, 92, 93, 94, 95
72, 75, 77, 78, 84, 87, 88, 89, 92
72, 73, 74, 75, 77, 79, 80, 81, 82, 84, 85, 86, 89, 92, 93
48, 52, 54, 55, 59, 60, 61, 63, 66, 67, 69, 72, 73, 74, 75, 76, 77, 78, 79, 80, 81, 82, 83, 84, 85, 86, 87, 88, 89, 90, 91, 92, 93, 94, 95
24, 42, 48, 53, 58, 59, 61, 63, 67, 68, 71, 72, 73, 74, 75, 76, 77, 78, 79, 80, 81, 82, 83, 84, 85, 86, 87, 88, 89, 90, 91, 92, 93, 94, 95
56, 60, 61, 62, 68, 72, 73, 74, 76, 77, 78, 79, 80, 84, 86, 88, 89, 90, 91, 92, 93, 94, 95
32, 49, 52, 56, 60, 64, 65, 70, 72, 73, 74, 75, 76, 77, 78, 79, 80, 81, 82, 83, 84, 85, 86, 87, 88, 89, 90, 91, 92, 93, 94, 95
79, 80, 81, 84, 89, 91, 92
81
35, 50, 51, 53, 56, 57, 63, 65, 66, 67, 70, 71, 72, 73, 74, 75, 76, 77, 78, 79, 80, 81, 82, 83, 84, 85, 86, 87, 88, 89, 90, 91, 92, 93, 94, 95
72, 74, 75, 76, 77, 80, 82, 83, 84, 86, 88, 94
24, 26, 34, 38, 48, 49, 51, 53, 54, 55, 58, 60, 61, 62, 65, 67, 69, 70, 71, 72, 73, 74, 75, 76, 77, 78, 79, 80, 81, 82, 83, 84, 85, 86, 87, 88, 89, 90, 91, 92, 93, 94, 95
48, 53, 54, 55, 57, 59, 64, 65, 66, 67, 68, 70, 72, 73, 74, 75, 76, 77, 78, 79, 80, 81, 82, 83, 84, 85, 86, 87, 88, 89, 90, 91, 92, 93, 94, 95
59, 72, 74, 81, 82, 85, 87, 89, 90, 91, 93, 94
48, 49, 51, 54, 59, 61, 62, 64, 65, 71, 72, 73, 74, 75, 77, 78, 79, 80, 81, 82, 83, 84, 85, 86, 87, 88, 89, 90, 91, 92, 93, 94, 95
56, 60, 62, 63, 66, 67, 72, 73, 74, 75, 76, 77, 78, 79, 80, 81, 82, 83, 84, 85, 86, 87, 89, 90, 91, 92, 93, 94, 95
77, 80, 87
52, 54, 58, 66, 70, 72, 73, 75, 76, 77, 78, 79, 80, 81, 82, 83, 84, 85, 86, 87, 88, 89, 90, 91, 92, 93, 94, 95
49, 76, 78, 80, 81, 86, 88, 89, 94, 95
47, 52, 53, 59, 64, 65, 72, 73, 75, 77, 78, 79, 80, 84, 86, 87, 88, 89, 90, 91, 92, 93, 95
2, 19, 23, 24, 25, 29, 30, 31, 32, 33, 34, 35, 36, 37, 39, 40, 41, 43, 44, 46, 47, 48, 49, 50, 51, 52, 53, 54, 55, 56, 57, 58, 59, 60, 61, 62, 63, 64, 65, 66, 67, 68, 69, 70, 71, 72, 73, 74, 75, 76, 77, 78, 79, 80, 81, 82, 83, 84, 85, 86, 87, 88, 89, 90, 91, 92, 93, 94, 95
74, 76, 79, 83, 84, 86, 87, 90, 93, 94, 95
83
74, 85
67, 70, 73, 75, 76, 78, 79, 81, 82, 83, 85, 86, 87, 88, 89, 90, 92, 94, 95
60, 75, 76, 79, 81, 82, 86, 94, 95
10, 20, 27, 30, 32, 34, 37, 40, 41, 44, 48, 49, 50, 51, 52, 53, 54, 55, 56, 57, 58, 59, 60, 61, 62, 63, 64, 65, 66, 67, 68, 69, 70, 71, 72, 73, 74, 75, 76, 77, 78, 79, 80, 81, 82, 83, 84, 85, 86, 87, 88, 89, 90, 91, 92, 93, 94, 95
51, 57, 61, 72, 73, 74, 75, 76, 77, 78, 79, 80, 81, 82, 84, 85, 86, 87, 88, 89, 90, 91, 92, 93, 94, 95
64, 72, 74, 76, 77, 78, 80, 84, 89, 92, 94
35, 73, 76, 78, 79, 80, 82, 83, 87, 89, 90, 91
72, 75, 77, 80, 85, 86, 90, 95
48, 49, 53, 59, 61, 62, 69, 72, 73, 74, 75, 76, 77, 78, 79, 80, 81, 82, 83, 84, 85, 86, 87, 88, 89, 90, 91, 92, 93, 94
27, 49, 50, 52, 56, 57, 62, 66, 72, 73, 74, 75, 76, 77, 78, 79, 80, 81, 82, 83, 84, 85, 86, 87, 88, 89, 90, 91, 92, 93, 94, 95
73, 74, 79, 82, 87, 92, 93, 95
24, 58, 60, 70, 72, 77, 79, 80, 81, 82, 83, 84, 85, 86, 87, 88, 90, 91, 92, 93, 94, 95
29, 35, 50, 53, 64, 72, 73, 74, 75, 76, 77, 79, 80, 81, 83, 85, 87, 88, 89, 90, 91, 93, 94, 95
50, 56, 78, 83, 84, 86, 95
37, 48, 53, 57, 61, 65, 69, 71, 72, 73, 74, 75, 76, 77, 78, 79, 80, 81, 82, 83, 84, 85, 86, 87, 88, 89, 90, 91, 92, 93, 94, 95
48, 81, 82, 85, 87, 89, 91, 93, 94, 95
56, 71, 72, 75, 76, 77, 78, 79, 81, 82, 83, 84, 85, 87, 88, 89, 90, 91, 92, 93, 94, 95
43, 48, 49, 50, 51, 52, 54, 55, 56, 57, 58, 59, 60, 62, 63, 64, 65, 66, 68, 69, 70, 71, 72, 73, 74, 75, 76, 77, 78, 79, 80, 81, 82, 83, 84, 85, 86, 87, 88, 89, 90, 91, 92, 93, 94, 95
50, 53, 55, 66, 72, 73, 74, 76, 77, 78, 79, 81, 84, 86, 87, 89, 90, 91, 92, 93, 94, 95
72, 78, 79, 80, 88, 94
51, 56, 60, 71, 72, 73, 74, 75, 76, 77, 78, 79, 80, 81, 83, 84, 86, 87, 88, 89, 90, 91, 92, 93, 94, 95
12, 30, 51, 53, 54, 55, 61, 66, 71, 72, 73, 74, 75, 76, 77, 78, 79, 80, 81, 83, 85, 86, 87, 88, 89, 90, 91, 92, 93, 94, 95
59, 77, 78, 81, 85, 86, 89, 95
59, 74, 79, 83, 88, 91, 94
5, 18, 29, 30, 34, 38, 40, 48, 49, 50, 51, 52, 53, 54, 55, 56, 57, 58, 60, 61, 62, 63, 64, 65, 66, 67, 68, 69, 70, 71, 72, 73, 74, 75, 76, 77, 78, 79, 80, 81, 82, 83, 84, 85, 86, 87, 88, 89, 90, 91, 92, 93, 94, 95
31, 43, 54, 55, 56, 58, 59, 60, 61, 67, 70, 72, 73, 74, 75, 76, 77, 78, 80, 81, 82, 83, 84, 85, 86, 87, 88, 89, 90, 91, 92, 93, 94, 95
50, 55, 59, 62, 65, 69, 70, 71, 72, 73, 74, 75, 76, 77, 78, 79, 80, 82, 83, 84, 85, 86, 87, 88, 89, 90, 91, 92, 93, 94
49, 50, 52, 55, 60, 61, 70, 72, 73, 74, 75, 76, 77, 78, 79, 80, 81, 82, 83, 84, 85, 86, 87, 88, 89, 90, 91, 92, 93, 94, 95
73, 75, 79, 84, 86, 87, 89, 90, 92, 93, 94
50, 53, 59, 68, 72, 73, 74, 75, 76, 77, 78, 79, 81, 82, 83, 84, 85, 86, 87, 88, 89, 91, 92, 93, 94, 95
34, 44, 49, 51, 57, 60, 70, 72, 74, 75, 76, 77, 78, 79, 80, 81, 82, 83, 84, 85, 86, 87, 88, 89, 90, 91, 92, 93, 94, 95
40, 55, 60, 69, 73, 74, 75, 76, 77, 78, 79, 80, 81, 82, 84, 85, 86, 87, 88, 89, 90, 92, 93, 94, 95
54, 56, 60, 62, 67, 72, 73, 74, 75, 76, 79, 80, 81, 82, 83, 84, 85, 86, 87, 89, 90, 91, 92, 94, 95
22, 30, 40, 47, 48, 49, 51, 52, 53, 57, 58, 60, 63, 65, 66, 67, 68, 69, 70, 71, 72, 73, 74, 75, 76, 77, 78, 79, 80, 81, 82, 83, 84, 85, 86, 87, 88, 89, 90, 91, 92, 93, 94, 95
50, 73, 79, 86, 90
25, 33, 39, 48, 49, 50, 51, 52, 54, 55, 56, 57, 58, 59, 60, 61, 62, 64, 65, 66, 67, 68, 70, 71, 72, 73, 74, 75, 76, 77, 78, 79, 80, 81, 82, 83, 84, 85, 86, 87, 88, 89, 90, 91, 92, 93, 94, 95
91, 93
63, 70, 77, 78, 79, 81, 83, 88, 90
55, 58, 74, 75, 76, 78, 80, 82, 83, 84, 86, 87, 88, 90, 93, 94, 95
25, 28, 33, 34, 37, 47, 48, 51, 52, 53, 54, 55, 56, 57, 58, 59, 60, 63, 64, 65, 67, 68, 71, 72, 73, 74, 75, 76, 77, 78, 79, 80, 81, 82, 83, 84, 85, 86, 87, 88, 89, 90, 91, 92, 93, 94, 95
49, 59, 61, 65, 75, 77, 78, 81, 82, 83, 87, 88, 93, 94, 95
48, 52, 55, 56, 57, 60, 63, 64, 65, 69, 71, 72, 73, 74, 75, 76, 77, 78, 79, 80, 81, 82, 83, 84, 85, 86, 87, 88, 89, 90, 91, 92, 93, 94, 95
52, 60, 70, 72, 73, 74, 75, 79, 80, 89, 90, 91, 92, 94
49, 51, 52, 53, 68, 73, 77, 78, 79, 86, 87, 91, 92, 94
23, 30, 31, 34, 44, 45, 48, 49, 50, 51, 53, 54, 55, 56, 57, 58, 59, 60, 61, 62, 63, 64, 65, 67, 68, 69, 70, 71, 72, 73, 74, 75, 76, 77, 78, 79, 80, 81, 82, 83, 84, 85, 86, 87, 88, 89, 90, 91, 92, 93, 94, 95
10, 43, 45, 49, 50, 52, 53, 56, 59, 63, 64, 67, 69, 72, 73, 74, 75, 76, 77, 78, 79, 80, 81, 82, 83, 84, 85, 86, 87, 88, 89, 90, 91, 92, 93, 94, 95
72, 76, 78, 83, 91, 93
73, 84, 85
30, 51, 56, 57, 60, 63, 64, 71, 72, 73, 74, 75, 76, 77, 78, 79, 80, 81, 82, 83, 84, 85, 86, 87, 88, 89, 90, 92, 93, 94, 95
56, 70, 72, 73, 74, 79, 80, 81, 82, 84, 85, 86, 87, 88, 89, 95
28, 33, 36, 39, 42, 43, 45, 46, 48, 49, 50, 51, 52, 53, 54, 55, 56, 57, 58, 59, 61, 62, 63, 64, 65, 66, 67, 68, 72, 73, 74, 75, 76, 77, 78, 79, 80, 81, 82, 83, 84, 85, 86, 87, 88, 89, 90, 91, 92, 93, 94, 95
79, 83, 88, 94
49, 51, 58, 62, 69, 71, 72, 73, 74, 75, 77, 78, 79, 80, 81, 82, 83, 84, 85, 86, 87, 88, 89, 90, 91, 92, 93, 94, 95
48, 54, 72, 73, 74, 75, 76, 78, 79, 82, 83, 85, 86, 88, 89, 90, 92, 93, 94, 95
2, 18, 25, 26, 29, 31, 38, 47, 48, 49, 50, 51, 52, 53, 54, 57, 59, 60, 61, 62, 63, 64, 65, 66, 67, 68, 69, 70, 71, 72, 73, 74, 75, 76, 77, 78, 79, 80, 81, 82, 83, 84, 85, 86, 87, 88, 89, 90, 91, 92, 93, 94, 95
25, 34, 45, 52, 53, 55, 56, 57, 58, 60, 61, 62, 65, 66, 67, 68, 69, 71, 72, 73, 74, 75, 76, 77, 78, 79, 80, 81, 82, 83, 84, 85, 86, 87, 88, 89, 90, 91, 92, 93, 94, 95
46, 55, 61, 74, 77, 78, 83, 85, 90, 94, 95
30, 31, 33, 35, 48, 49, 50, 51, 52, 53, 54, 56, 57, 58, 59, 60, 61, 62, 63, 64, 65, 66, 67, 68, 69, 70, 72, 73, 74, 75, 76, 77, 78, 79, 80, 81, 82, 83, 84, 85, 86, 87, 88, 89, 90, 91, 92, 93, 94, 95
31, 52, 60, 65, 72, 73, 74, 75, 81, 83, 84, 85, 87, 88, 90, 92, 95
64, 75, 78, 84, 94, 95
48, 73, 74, 75, 76, 79, 80, 83, 85, 86, 87, 89, 90, 91, 94, 95
72, 73, 75, 76, 77, 79, 80, 81, 83, 84, 85, 87, 89, 90, 91, 92, 93, 95
59, 64, 69, 70, 74, 75, 76, 79, 80, 81, 82, 84, 85, 86, 87, 88, 89, 91, 93, 95
52, 61, 62, 63, 65, 72, 74, 75, 76, 77, 78, 79, 80, 81, 82, 83, 84, 85, 86, 87, 88, 92, 93, 95
72, 74, 87, 90, 92, 94
36, 57, 59, 73, 79, 80, 82, 86, 87, 89, 90, 92, 94
43, 57, 58, 72, 73, 75, 76, 77, 78, 79, 80, 81, 82, 83, 84, 86, 87, 88, 89, 90, 92, 93, 94, 95
49, 50, 56, 57, 58, 60, 64, 66, 70, 72, 73, 74, 75, 76, 77, 78, 79, 80, 81, 82, 83, 84, 85, 86, 87, 88, 89, 90, 91, 92, 93, 94, 95
57, 59, 61, 64, 65, 69, 70, 72, 73, 74, 75, 77, 78, 79, 80, 81, 82, 83, 84, 85, 86, 88, 89, 90, 91, 92, 93, 94, 95
36, 37, 38, 39, 40, 50, 51, 52, 53, 54, 55, 56, 57, 58, 62, 63, 65, 66, 67, 68, 69, 70, 72, 73, 74, 75, 76, 77, 78, 79, 80, 81, 82, 83, 84, 85, 86, 87, 88, 89, 90, 91, 92, 93, 94, 95
52, 53, 58, 64, 73, 74, 75, 78, 79, 80, 81, 82, 84, 87, 88, 90, 92, 93, 94
55, 59, 67, 74, 77, 78, 80, 81, 83, 84, 87, 88, 89, 90, 92, 93, 94, 95
78
13, 24, 26, 30, 46, 48, 50, 51, 52, 53, 54, 56, 57, 58, 59, 60, 61, 62, 64, 67, 68, 69, 71, 72, 73, 74, 75, 76, 77, 78, 79, 80, 81, 82, 83, 84, 85, 86, 87, 88, 89, 90, 91, 92, 93, 94, 95
42, 58, 72, 73, 76, 77, 80, 86, 87, 89, 91, 93
54, 73, 76, 77, 78, 85, 87, 88, 89, 91, 94
74, 78, 86, 89, 94
6, 25, 26, 27, 28, 30, 31, 32, 34, 35, 36, 37, 39, 42, 43, 44, 46, 48, 49, 50, 51, 52, 53, 54, 55, 56, 57, 58, 59, 60, 61, 62, 63, 64, 65, 66, 67, 68, 69, 70, 71, 72, 73, 74, 75, 76, 77, 78, 79, 80, 81, 82, 83, 84, 85, 86, 87, 88, 89, 90, 91, 92, 93, 94, 95
73, 75, 76, 83, 84, 89, 90
61, 72, 80, 82, 85, 93
48, 51, 53, 55, 56, 57, 58, 60, 61, 62, 64, 65, 72, 73, 74, 75, 76, 77, 78, 79, 80, 81, 82, 83, 84, 85, 86, 87, 88, 89, 90, 91, 92, 93, 94, 95
28, 48, 49, 59, 68, 71, 72, 73, 74, 75, 76, 77, 78, 79, 80, 81, 82, 83, 84, 85, 86, 87, 88, 89, 90, 91, 92, 93, 94, 95
50, 59, 72, 73, 75, 76, 79, 82, 88, 89, 90, 91, 92, 93, 94, 95
25, 48, 64, 71, 72, 73, 76, 77, 78, 80, 81, 82, 83, 84, 85, 86, 87, 90, 91, 92, 94, 95
70, 73, 74, 75, 76, 81, 83, 84, 86, 87, 89, 90, 93
29, 72, 73, 75, 76, 79, 82, 83, 84, 86, 87, 90, 91, 93, 94, 95
77, 87
39, 48, 49, 50, 51, 52, 53, 54, 59, 61, 64, 68, 72, 73, 74, 75, 76, 77, 78, 79, 80, 81, 82, 83, 84, 85, 86, 87, 88, 89, 90, 91, 92, 93, 94, 95
72, 74, 87
25, 52, 54, 60, 70, 73, 74, 75, 76, 79, 80, 83, 84, 85, 87, 92, 93
39, 57, 58, 72, 75, 76, 78, 79, 84, 86, 89, 91, 94, 95
77, 80, 82, 83, 84, 85, 86, 90, 95
29, 51, 52, 55, 56, 58, 64, 65, 72, 73, 74, 75, 76, 78, 79, 80, 81, 82, 83, 84, 85, 86, 87, 88, 89, 90, 91, 92, 93, 94, 95
44, 51, 53, 54, 55, 57, 63, 69, 72, 73, 74, 75, 76, 77, 78, 79, 80, 81, 82, 83, 84, 85, 86, 87, 88, 89, 90, 91, 92, 93, 94, 95
4, 27, 50, 51, 52, 55, 56, 59, 60, 61, 66, 67, 72, 73, 74, 75, 76, 77, 78, 79, 80, 81, 82, 83, 84, 85, 86, 87, 88, 89, 90, 91, 92, 93, 94, 95
30, 49, 51, 55, 67, 72, 74, 75, 76, 78, 79, 87, 89, 94, 95
67, 71, 72, 74, 75, 76, 77, 78, 80, 82, 85, 88, 90, 91, 92, 93, 95
49, 50, 52, 53, 54, 56, 57, 60, 64, 69, 70, 72, 73, 74, 75, 76, 77, 78, 79, 80, 81, 82, 83, 84, 85, 86, 87, 88, 89, 90, 91, 92, 93, 94, 95
0, 1, 2, 3, 4, 5, 8, 9, 11, 12, 14, 15, 16, 17, 18, 20, 22, 23, 24, 25, 26, 27, 28, 29, 30, 31, 32, 33, 34, 35, 36, 37, 38, 39, 40, 41, 42, 43, 44, 45, 46, 47, 48, 49, 50, 51, 52, 53, 54, 55, 56, 57, 58, 59, 60, 61, 62, 63, 64, 65, 66, 67, 68, 69, 70, 71, 72, 73, 74, 75, 76, 77, 78, 79, 80, 81, 82, 83, 84, 85, 86, 87, 88, 89, 90, 91, 92, 93, 94, 95
76, 80, 81
26, 54, 56, 57, 59, 62, 66, 67, 68, 71, 72, 73, 74, 75, 76, 77, 78, 79, 80, 81, 82, 83, 84, 85, 86, 87, 88, 89, 90, 92, 93, 94, 95
74
24, 26, 27, 32, 33, 34, 37, 38, 44, 48, 49, 50, 52, 53, 54, 55, 56, 57, 58, 59, 60, 61, 62, 63, 64, 65, 66, 67, 68, 69, 70, 71, 72, 73, 74, 75, 76, 77, 78, 79, 80, 81, 82, 83, 84, 85, 86, 87, 88, 89, 90, 91, 92, 93, 94, 95
24, 36, 46, 47, 48, 52, 56, 57, 58, 59, 62, 63, 66, 72, 73, 74, 75, 76, 77, 78, 79, 80, 81, 82, 83, 84, 85, 86, 87, 88, 89, 90, 91, 92, 93, 94, 95
53, 54, 59, 60, 61, 69, 72, 73, 74, 75, 76, 77, 78, 79, 80, 81, 82, 83, 84, 86, 87, 89, 90, 91, 92, 93, 94, 95
48, 53, 55, 57, 62, 64, 67, 70, 72, 73, 74, 75, 76, 77, 78, 79, 80, 82, 83, 84, 85, 86, 87, 88, 89, 90, 91, 92, 93, 94, 95
25, 72, 73, 75, 76, 78, 79, 80, 81, 83, 84, 86, 87, 88, 89, 90, 91, 93, 94, 95
52, 54, 55, 58, 60, 61, 64, 71, 72, 73, 74, 75, 76, 77, 78, 79, 80, 81, 82, 83, 84, 85, 86, 87, 88, 89, 90, 91, 92, 93, 94, 95
48, 49, 65, 72, 73, 74, 75, 76, 78, 79, 80, 84, 85, 86, 87, 88, 89, 90, 91, 92, 95
32, 45, 49, 50, 57, 61, 63, 71, 72, 73, 74, 75, 76, 77, 78, 79, 80, 81, 82, 83, 84, 85, 86, 87, 88, 89, 91, 92, 93, 94, 95
25, 27, 28, 41, 45, 47, 48, 49, 50, 51, 52, 53, 54, 55, 56, 57, 58, 59, 60, 61, 62, 63, 65, 66, 67, 68, 69, 70, 71, 72, 73, 74, 75, 76, 77, 78, 79, 80, 81, 82, 83, 84, 85, 86, 87, 88, 89, 90, 91, 92, 93, 94, 95
72, 73, 74, 75, 76, 77, 78, 80, 82, 83, 84, 85, 87, 89, 90, 91, 92, 93, 94, 95
53, 54, 58, 64, 66, 68, 69, 71, 72, 74, 75, 76, 77, 78, 79, 80, 81, 82, 83, 84, 85, 86, 87, 88, 89, 90, 91, 92, 93, 94, 95
4, 5, 8, 9, 10, 13, 14, 15, 18, 22, 23, 24, 25, 26, 27, 28, 29, 30, 31, 32, 33, 34, 35, 36, 37, 38, 39, 40, 41, 42, 43, 44, 45, 46, 47, 48, 49, 50, 51, 52, 53, 54, 55, 56, 57, 58, 59, 60, 61, 62, 63, 64, 65, 66, 67, 68, 69, 70, 71, 72, 73, 74, 75, 76, 77, 78, 79, 80, 81, 82, 83, 84, 85, 86, 87, 88, 89, 90, 91, 92, 93, 94, 95
45, 71, 72, 76, 81, 82, 83, 85, 86, 89, 95
41, 50, 63, 66, 69, 70, 72, 73, 74, 75, 76, 77, 78, 79, 80, 81, 82, 83, 84, 85, 86, 87, 88, 89, 90, 91, 92, 93, 94, 95
29, 37, 61, 62, 65, 68, 70, 73, 74, 75, 76, 77, 78, 79, 80, 81, 82, 83, 84, 85, 86, 87, 88, 89, 91, 92, 93, 95
53, 72
71, 73, 79, 87, 92
26, 52, 53, 54, 55, 61, 62, 65, 66, 68, 69, 72, 73, 74, 75, 76, 77, 78, 79, 80, 81, 82, 83, 84, 85, 86, 87, 88, 89, 90, 91, 92, 93, 94, 95
24, 31, 32, 34, 43, 48, 49, 50, 52, 53, 54, 55, 57, 58, 59, 60, 63, 66, 69, 70, 71, 72, 73, 74, 75, 76, 77, 78, 79, 80, 81, 82, 83, 84, 85, 86, 87, 88, 89, 90, 91, 92, 93, 94, 95
36, 48, 49, 50, 56, 60, 68, 69, 72, 73, 74, 75, 76, 77, 78, 79, 80, 81, 82, 83, 84, 85, 86, 87, 88, 89, 90, 91, 92, 93, 94, 95
26, 31, 49, 52, 55, 58, 60, 61, 62, 64, 71, 72, 73, 74, 75, 76, 77, 78, 79, 80, 81, 82, 83, 84, 85, 86, 87, 88, 89, 90, 91, 92, 93, 94, 95
72, 75, 76, 77, 79, 84, 85, 89, 91, 92, 94
56, 73, 74, 78, 79, 80, 83, 84, 86, 87, 88, 90, 92, 93, 95
33, 48, 49, 50, 51, 53, 55, 57, 59, 60, 61, 62, 63, 64, 65, 68, 69, 71, 72, 73, 74, 75, 76, 77, 78, 79, 80, 81, 82, 83, 84, 85, 86, 87, 88, 89, 90, 91, 92, 93, 94, 95
24, 39, 48, 49, 50, 53, 55, 56, 57, 58, 59, 60, 61, 62, 63, 64, 66, 67, 68, 70, 72, 73, 74, 75, 76, 77, 78, 79, 80, 81, 82, 83, 84, 85, 86, 87, 88, 89, 90, 91, 92, 93, 94, 95
14, 72, 73, 74, 83, 85, 86, 91, 94
49, 50, 51, 53, 63, 68, 72, 73, 74, 75, 76, 77, 78, 79, 80, 81, 82, 83, 84, 85, 86, 87, 88, 90, 91, 93, 94, 95
59, 72, 73, 75, 77, 78, 79, 81, 85, 86, 88, 89, 91, 92, 93, 95
67, 73, 75, 78, 82, 83, 84, 85, 87, 88
52, 56, 60, 61, 64, 68, 72, 73, 74, 75, 76, 77, 78, 79, 80, 81, 82, 83, 84, 85, 86, 87, 88, 89, 90, 91, 92, 93, 94, 95
72, 91
45, 56, 73, 77, 84
29, 74, 75, 78, 82, 83, 87, 88, 89, 93, 95
48, 58, 64, 73, 75, 84, 91
32, 39, 48, 49, 51, 53, 54, 58, 60, 61, 62, 63, 65, 67, 68, 69, 72, 73, 74, 75, 76, 77, 78, 79, 80, 81, 82, 83, 84, 85, 86, 87, 88, 89, 90, 91, 92, 93, 94, 95
89
52, 57, 62, 67, 68, 69, 72, 73, 74, 75, 76, 77, 78, 79, 80, 81, 82, 83, 84, 85, 86, 87, 88, 89, 90, 91, 92, 94, 95
31, 48, 56, 60, 67, 69, 74, 75, 76, 77, 78, 79, 80, 81, 82, 83, 84, 86, 87, 88, 89, 90, 91, 92, 93, 94, 95
54, 75, 77, 83, 84, 86, 87, 88, 89, 92, 94, 95
24, 26, 27, 28, 30, 31, 33, 34, 35, 42, 43, 47, 48, 50, 51, 52, 53, 54, 55, 56, 57, 58, 59, 60, 61, 62, 63, 64, 66, 67, 68, 69, 70, 71, 72, 73, 74, 75, 76, 77, 78, 79, 80, 81, 82, 83, 84, 85, 86, 87, 88, 89, 90, 91, 92, 93, 94, 95
84
54, 58, 61, 63, 71, 72, 73, 74, 75, 76, 77, 78, 79, 80, 81, 82, 83, 84, 85, 86, 87, 88, 89, 90, 91, 92, 93, 94, 95
48, 68, 69, 76, 79, 84, 87, 93
31, 58, 59, 66, 70, 74, 75, 76, 78, 80, 82, 83, 84, 88, 89, 90, 92, 94
51, 61, 73, 75, 81, 83, 84, 85, 91, 92, 93, 94
80, 84, 85
45, 51, 54, 60, 65, 72, 73, 74, 75, 78, 79, 82, 83, 84, 85, 86, 87, 88, 89, 90, 91, 92, 93, 94, 95
33, 55, 58, 67, 68, 72, 73, 74, 75, 77, 78, 79, 80, 81, 82, 83, 84, 85, 86, 87, 88, 89, 90, 91, 92, 93, 94, 95
86, 89
35, 42, 48, 49, 50, 51, 54, 55, 56, 58, 60, 62, 63, 64, 67, 69, 70, 71, 72, 73, 74, 75, 76, 77, 78, 79, 80, 81, 82, 83, 84, 85, 86, 87, 88, 89, 90, 91, 92, 93, 94, 95
7, 8, 31, 32, 46, 47, 48, 49, 50, 51, 52, 53, 54, 55, 56, 57, 58, 59, 60, 61, 62, 63, 64, 65, 66, 67, 68, 69, 70, 71, 72, 73, 74, 75, 76, 77, 78, 79, 80, 81, 82, 83, 84, 85, 86, 87, 88, 89, 90, 91, 92, 93, 94, 95
74, 75, 77, 78, 81, 84, 85, 87, 88, 90, 93, 94, 95
74, 79
24, 63, 72, 75, 76, 78, 81, 82, 83, 84, 89, 90, 92, 94, 95
55, 57, 66, 72, 73, 74, 75, 78, 79, 80, 81, 82, 84, 85, 86, 88, 90, 93, 94, 95
72, 73, 74, 75, 76, 78, 80, 81, 82, 83, 87, 89, 91, 92, 93, 95
50, 55, 59, 66, 72, 73, 76, 79, 80, 82, 84, 85, 86, 87, 89, 90, 91, 92, 94, 95
47, 54, 56, 59, 64, 72, 74, 75, 81, 85, 88, 94
49, 72, 73, 77, 80, 82, 83, 85, 86, 88, 91, 92, 93
24, 50, 63, 64, 65, 69, 73, 74, 75, 76, 77, 78, 79, 80, 81, 82, 83, 84, 85, 86, 88, 89, 90, 91, 92, 93, 94, 95
55, 64, 68, 72, 75, 76, 77, 78, 79, 80, 82, 85, 86, 88, 89, 94, 95
26, 49, 52, 53, 54, 58, 60, 61, 65, 68, 69, 72, 73, 74, 75, 76, 77, 78, 79, 80, 81, 82, 83, 84, 85, 86, 87, 88, 89, 90, 91, 92, 93, 94, 95
29, 55, 57, 69, 72, 74, 75, 76, 77, 78, 79, 80, 81, 82, 83, 84, 86, 87, 88, 90, 91, 92, 93, 94, 95
43, 52, 54, 55, 57, 58, 61, 65, 67, 72, 73, 74, 75, 76, 77, 78, 79, 80, 81, 82, 83, 84, 85, 86, 87, 88, 89, 90, 92, 93, 94, 95
48, 55, 57, 58, 59, 63, 72, 73, 74, 75, 76, 77, 78, 79, 80, 81, 82, 83, 84, 85, 86, 87, 88, 89, 90, 91, 92, 93, 94, 95
76
74, 75, 79, 80, 82, 84, 89, 90, 91, 93
25, 48, 51, 69, 71, 72, 73, 74, 75, 77, 79, 80, 81, 82, 83, 84, 86, 87, 88, 89, 90, 91, 92, 93, 95
47, 65, 72, 73, 75, 76, 78, 85, 88, 90, 91, 92, 95
50, 52, 53, 58, 61, 64, 65, 66, 68, 72, 74, 76, 77, 79, 81, 82, 83, 84, 85, 86, 88, 89, 90, 91, 92, 93, 94, 95
24, 25, 26, 33, 37, 41, 42, 46, 48, 49, 50, 51, 52, 53, 54, 55, 56, 57, 58, 59, 60, 61, 62, 64, 65, 66, 67, 68, 69, 70, 71, 72, 73, 74, 75, 76, 77, 78, 79, 80, 81, 82, 83, 84, 85, 86, 87, 88, 89, 90, 91, 92, 93, 94, 95
48, 57, 60, 62, 63, 69, 72, 74, 75, 76, 77, 78, 80, 81, 82, 83, 84, 85, 87, 88, 89, 90, 92, 93, 95
45, 49, 50, 52, 53, 54, 55, 56, 57, 58, 59, 60, 61, 62, 63, 64, 65, 66, 67, 68, 69, 72, 73, 74, 75, 76, 77, 78, 79, 80, 81, 82, 83, 84, 85, 86, 87, 88, 89, 90, 91, 92, 93, 94, 95
50, 55, 59, 62, 65, 66, 68, 69, 70, 71, 72, 73, 74, 75, 76, 77, 78, 79, 80, 81, 82, 83, 84, 85, 86, 87, 88, 89, 90, 91, 92, 93, 94, 95
41, 48, 50, 53, 54, 64, 72, 73, 75, 76, 77, 78, 79, 80, 81, 82, 83, 84, 85, 86, 87, 88, 89, 91, 93, 94, 95
24, 25, 26, 28, 31, 34, 35, 36, 37, 39, 42, 43, 44, 46, 48, 49, 50, 51, 52, 53, 54, 55, 56, 57, 58, 59, 60, 61, 62, 63, 64, 65, 66, 67, 68, 69, 70, 71, 72, 73, 74, 75, 76, 77, 78, 79, 80, 81, 82, 83, 84, 85, 86, 87, 88, 89, 90, 91, 92, 93, 94, 95
70, 79, 85, 89
49, 57, 62, 64, 66, 68, 72, 73, 74, 75, 76, 77, 78, 79, 80, 81, 82, 83, 84, 85, 86, 87, 88, 89, 90, 91, 92, 93, 94, 95
49, 69, 70, 73, 74, 75, 79, 80, 82, 83, 84, 85, 86, 88, 89, 90, 91, 92, 93, 94, 95
37, 57, 72, 73, 74, 75, 77, 78, 79, 81, 82, 85, 87, 91, 92, 93, 94, 95
42, 51, 60, 68, 71, 72, 73, 74, 75, 76, 77, 78, 79, 80, 81, 82, 83, 84, 85, 86, 87, 88, 89, 91, 92, 93, 94, 95
63, 66, 74, 80, 81, 84, 90, 93, 95
51, 52, 61, 74, 76, 78, 81, 82, 85, 88, 89, 90, 92, 93, 94
56, 72, 82, 90
51, 73, 74, 75, 79, 83, 84, 87, 89, 91, 92, 95
6, 7, 25, 26, 28, 33, 38, 44, 45, 48, 49, 50, 51, 52, 53, 54, 55, 57, 58, 59, 61, 62, 63, 64, 65, 66, 67, 68, 69, 70, 71, 72, 73, 74, 75, 76, 77, 78, 79, 80, 81, 82, 83, 84, 85, 86, 87, 88, 89, 90, 91, 92, 93, 94, 95
30, 50, 52, 57, 60, 70, 72, 73, 74, 75, 77, 78, 79, 81, 83, 85, 86, 87, 88, 89, 90, 91, 92, 93, 94, 95
39, 46, 48, 50, 52, 53, 57, 58, 59, 61, 62, 67, 70, 72, 73, 74, 75, 76, 77, 78, 79, 80, 81, 82, 83, 84, 85, 86, 87, 88, 89, 90, 91, 92, 93, 94, 95
49, 56, 72, 74, 75, 76, 77, 78, 81, 83, 85, 86, 88, 90, 91, 92, 93, 94, 95
48, 50, 53, 55, 59, 62, 65, 66, 69, 70, 71, 72, 73, 74, 75, 76, 77, 78, 79, 80, 81, 82, 83, 84, 85, 86, 87, 88, 89, 90, 91, 92, 93, 94, 95
3, 5, 23, 26, 30, 38, 40, 41, 49, 50, 51, 52, 54, 55, 56, 57, 58, 60, 61, 62, 63, 64, 65, 68, 70, 71, 72, 73, 74, 75, 76, 77, 78, 79, 80, 81, 82, 83, 84, 85, 86, 87, 88, 89, 90, 91, 92, 93, 94, 95
60, 66, 70, 72, 73, 74, 76, 77, 81, 82, 83, 84, 85, 86, 88, 94, 95
29, 31, 43, 49, 50, 51, 52, 53, 54, 55, 56, 57, 58, 59, 60, 61, 62, 64, 65, 66, 67, 69, 72, 73, 74, 75, 76, 77, 78, 79, 80, 81, 82, 83, 84, 85, 86, 87, 88, 89, 90, 91, 92, 93, 94, 95
24, 25, 27, 32, 33, 42, 43, 44, 46, 48, 50, 51, 52, 53, 54, 55, 56, 57, 58, 60, 61, 62, 64, 65, 66, 67, 68, 69, 71, 72, 73, 74, 75, 76, 77, 78, 79, 80, 81, 82, 83, 84, 85, 86, 87, 88, 89, 90, 91, 92, 93, 94, 95
22, 40, 41, 42, 43, 44, 48, 49, 50, 51, 52, 53, 54, 55, 56, 57, 58, 59, 60, 61, 62, 63, 64, 65, 66, 67, 68, 69, 70, 71, 72, 73, 74, 75, 76, 77, 78, 79, 80, 81, 82, 83, 84, 85, 86, 87, 88, 89, 90, 91, 92, 93, 94, 95
48, 49, 50, 53, 63, 64, 66, 71, 72, 73, 74, 75, 76, 77, 78, 79, 80, 81, 82, 83, 84, 85, 86, 87, 88, 89, 90, 91, 92, 93, 94, 95
61, 64, 69, 74, 75, 76, 78, 79, 80, 81, 83, 84, 85, 86, 87, 90, 91, 93, 94
28, 30, 31, 37, 38, 48, 49, 50, 51, 52, 53, 54, 55, 58, 59, 60, 61, 64, 65, 66, 67, 68, 69, 71, 72, 73, 74, 75, 76, 77, 78, 79, 80, 81, 82, 83, 84, 85, 86, 87, 88, 89, 90, 91, 92, 93, 94, 95
49, 51, 59, 65, 66, 72, 73, 74, 75, 76, 77, 78, 79, 80, 81, 82, 83, 85, 86, 87, 88, 89, 90, 91, 92, 93, 94, 95
26, 48, 72, 73, 74, 75, 76, 77, 78, 79, 80, 81, 82, 83, 84, 85, 87, 88, 89, 90, 91, 92, 93, 95
62, 72, 73, 74, 75, 76, 77, 80, 85, 86, 87, 88, 92, 93, 94, 95
31, 33, 47, 48, 50, 51, 55, 57, 60, 64, 65, 67, 68, 70, 72, 73, 74, 75, 76, 77, 78, 79, 80, 81, 82, 83, 84, 85, 86, 87, 88, 89, 90, 91, 92, 93, 94, 95
29, 65, 67, 72, 73, 74, 75, 77, 78, 80, 82, 83, 86, 87, 88, 90, 91, 92, 93, 94, 95
51, 54, 56, 63, 67, 68, 73, 74, 75, 76, 77, 78, 79, 80, 82, 83, 84, 86, 87, 88, 89, 91, 92, 93, 94, 95
43, 51, 53, 55, 59, 60, 62, 65, 66, 67, 72, 73, 74, 75, 76, 77, 78, 79, 80, 81, 82, 83, 84, 85, 86, 87, 88, 89, 90, 91, 92, 93, 94, 95
53, 58, 61, 68, 72, 73, 74, 75, 76, 77, 79, 80, 81, 82, 83, 84, 85, 87, 88, 89, 90, 91, 92, 93, 94, 95
26, 48, 49, 51, 55, 58, 60, 62, 64, 65, 67, 68, 72, 73, 74, 75, 76, 77, 78, 79, 80, 81, 82, 83, 84, 85, 86, 87, 88, 89, 90, 91, 92, 93, 94, 95
48, 65, 66, 71, 72, 73, 74, 75, 76, 77, 81, 84, 85, 86, 87, 90, 91, 93, 95
52, 67, 72, 73, 75, 76, 77, 79, 81, 82, 84, 85, 87, 88, 89, 90, 92, 95
79
30, 32, 50, 54, 57, 72, 73, 74, 75, 76, 77, 78, 81, 82, 83, 84, 87, 88, 90, 91, 92, 93, 94, 95
30, 33, 48, 49, 52, 58, 62, 66, 72, 73, 74, 75, 76, 77, 78, 79, 80, 81, 82, 83, 84, 85, 86, 87, 88, 89, 90, 91, 92, 93, 94, 95
29, 50, 52, 54, 55, 56, 58, 61, 64, 65, 67, 68, 69, 71, 72, 73, 74, 75, 76, 77, 78, 79, 80, 81, 82, 83, 84, 85, 86, 87, 88, 89, 90, 91, 92, 93, 94, 95
74, 79, 90, 93, 94
13, 29, 31, 33, 34, 40, 44, 45, 46, 48, 49, 50, 51, 52, 53, 54, 55, 56, 57, 58, 59, 60, 61, 62, 63, 64, 65, 66, 67, 68, 69, 70, 71, 72, 73, 74, 75, 76, 77, 78, 79, 80, 81, 82, 83, 84, 85, 86, 87, 88, 89, 90, 91, 92, 93, 94, 95
26, 49, 72, 74, 79, 80, 81, 86, 87, 89, 94
67, 72, 73, 74, 76, 78, 79, 81, 84, 85, 86, 87, 88, 89, 90, 91, 92, 93, 94, 95
0, 6, 24, 48, 51, 54, 55, 61, 62, 64, 68, 72, 73, 74, 75, 76, 77, 78, 79, 80, 81, 82, 83, 84, 85, 86, 87, 88, 89, 90, 91, 92, 93, 94, 95
28, 72, 74, 75, 76, 77, 78, 81, 83, 84, 85, 88, 89, 91, 93, 95
24, 26, 29, 48, 49, 50, 51, 53, 58, 65, 68, 72, 73, 74, 75, 76, 77, 78, 79, 80, 81, 82, 83, 84, 85, 86, 87, 88, 89, 90, 91, 92, 93, 94, 95
66, 72, 73, 77, 79, 80, 83, 86, 88, 90
48, 49, 50, 52, 53, 54, 66, 69, 73, 74, 75, 76, 77, 78, 79, 80, 81, 82, 84, 85, 86, 87, 88, 89, 91, 92, 93, 94, 95
49, 55, 56, 57, 61, 63, 64, 65, 66, 72, 73, 74, 75, 76, 77, 78, 79, 80, 81, 82, 83, 84, 85, 86, 87, 88, 89, 90, 91, 92, 93, 94, 95
30, 76, 77, 80, 86
50, 53, 56, 59, 64, 68, 72, 73, 74, 75, 76, 77, 78, 79, 80, 81, 82, 84, 85, 86, 89, 90, 91, 93, 94, 95
52, 53, 56, 57, 59, 60, 61, 62, 64, 66, 68, 69, 70, 72, 73, 74, 75, 76, 77, 78, 79, 80, 81, 82, 83, 84, 85, 86, 87, 88, 89, 90, 91, 92, 93, 94, 95
52, 54, 60, 64, 70, 71, 72, 73, 74, 75, 76, 77, 78, 79, 80, 81, 82, 83, 84, 85, 86, 87, 88, 89, 90, 91, 92, 93, 94, 95
28, 30, 31, 34, 37, 39, 40, 41, 46, 48, 49, 50, 51, 52, 53, 54, 55, 56, 57, 58, 59, 60, 61, 62, 63, 64, 65, 66, 67, 68, 69, 70, 71, 72, 73, 74, 75, 76, 77, 78, 79, 80, 81, 82, 83, 84, 85, 86, 87, 88, 89, 90, 91, 92, 93, 94, 95
0, 36, 38, 39, 49, 51, 54, 55, 56, 57, 58, 62, 63, 64, 65, 67, 71, 72, 73, 74, 75, 76, 77, 78, 79, 80, 81, 82, 83, 84, 85, 86, 87, 88, 89, 90, 91, 92, 93, 94, 95
32, 58, 63, 65, 66, 72, 73, 75, 78, 79, 80, 82, 83, 84, 86, 87, 89, 90, 92, 93
44, 45, 53, 54, 60, 62, 63, 67, 69, 72, 73, 74, 75, 76, 77, 78, 79, 80, 81, 82, 83, 84, 85, 86, 87, 88, 89, 90, 91, 92, 93, 94, 95
49, 72, 74, 75, 78, 80, 81, 86, 88, 90, 91, 92, 95
39, 49, 51, 53, 57, 58, 64, 68, 72, 73, 74, 75, 76, 77, 78, 79, 80, 81, 82, 83, 84, 85, 86, 87, 88, 89, 90, 91, 92, 93, 94, 95
50, 63, 73, 74, 75, 77, 78, 79, 80, 82, 83, 84, 85, 86, 87, 88, 90, 91, 92, 94, 95
1, 7, 16, 21, 22, 24, 25, 26, 28, 29, 30, 31, 32, 33, 34, 35, 36, 37, 38, 39, 40, 41, 42, 43, 44, 46, 47, 48, 49, 50, 51, 52, 53, 54, 55, 56, 57, 58, 59, 60, 61, 62, 63, 64, 65, 66, 67, 68, 69, 70, 71, 72, 73, 74, 75, 76, 77, 78, 79, 80, 81, 82, 83, 84, 85, 86, 87, 88, 89, 90, 91, 92, 93, 94, 95
73, 74, 76, 79, 81, 85, 86, 87, 92, 93
33, 38, 39, 52, 57, 70, 72, 73, 74, 75, 76, 77, 78, 79, 80, 81, 82, 83, 84, 85, 86, 87, 88, 89, 90, 91, 92, 93, 94, 95
72, 73, 74, 75, 76, 77, 82, 85, 89, 90, 92, 94, 95
42, 49, 50, 52, 54, 56, 59, 60, 61, 63, 64, 65, 68, 70, 72, 73, 74, 75, 76, 77, 78, 79, 80, 81, 82, 83, 84, 85, 86, 87, 88, 89, 90, 91, 92, 93, 94, 95
28, 39, 42, 47, 48, 49, 50, 51, 52, 53, 54, 55, 56, 57, 58, 60, 61, 63, 64, 65, 66, 67, 68, 69, 71, 72, 73, 74, 75, 76, 77, 78, 79, 80, 81, 82, 83, 84, 85, 86, 87, 88, 89, 90, 91, 92, 93, 94, 95
3, 13, 27, 34, 35, 36, 37, 38, 39, 40, 42, 43, 44, 46, 47, 48, 49, 50, 51, 52, 53, 54, 55, 56, 57, 58, 59, 60, 61, 62, 63, 64, 65, 66, 67, 68, 69, 70, 71, 72, 73, 74, 75, 76, 77, 78, 79, 80, 81, 82, 83, 84, 85, 86, 87, 88, 89, 90, 91, 92, 93, 94, 95
52, 62, 64, 73, 74, 75, 76, 79, 80, 81, 82, 83, 84, 85, 86, 87, 88, 91, 92, 94, 95
51, 72, 80, 82, 85, 88, 90, 93
71, 72, 74, 75, 76, 78, 80, 81, 82, 83, 84, 87, 89, 90, 91, 92, 93, 94, 95
74, 78, 79, 91, 92
77, 88, 94
48, 71, 72, 73, 74, 75, 76, 77, 79, 80, 81, 85, 86, 88, 89, 90, 91, 92, 93, 94
72, 73, 75, 78, 79, 81, 83, 85, 86, 87, 88, 89, 93
75, 76, 77, 84, 86, 89
74, 75, 76, 78, 82, 84, 87, 88, 93
61, 65, 72, 76, 77, 80, 82, 83, 84, 85, 86, 87, 88, 89, 90, 92, 94, 95
54, 72, 73, 74, 75, 78, 80, 81, 85, 86, 87, 88, 92, 95
72, 73, 78, 81, 83, 87, 88, 89, 90, 93
33, 48, 59, 60, 62, 65, 72, 74, 75, 79, 82, 83, 85, 86, 87, 88, 89, 90, 93, 94, 95
32, 33, 36, 48, 52, 53, 54, 55, 58, 59, 60, 62, 63, 64, 65, 66, 67, 68, 69, 70, 71, 72, 73, 74, 75, 76, 77, 78, 79, 80, 81, 82, 83, 84, 85, 86, 87, 88, 89, 90, 91, 92, 93, 94, 95
73, 82, 89, 90
17, 61, 62, 63, 65, 66, 69, 72, 73, 75, 76, 77, 78, 79, 80, 81, 82, 83, 84, 86, 87, 88, 89, 91, 92, 93, 94, 95
48, 49, 52, 60, 62, 63, 64, 65, 72, 73, 74, 75, 76, 77, 78, 79, 80, 81, 82, 83, 84, 85, 86, 87, 88, 89, 90, 91, 92, 93, 94, 95
73, 79, 91
35, 48, 49, 50, 51, 54, 59, 61, 66, 72, 73, 74, 75, 76, 77, 78, 79, 80, 81, 82, 83, 84, 85, 86, 87, 88, 89, 90, 91, 92, 93, 94, 95
33, 34, 37, 38, 41, 44, 48, 50, 52, 53, 55, 57, 58, 59, 60, 61, 62, 63, 64, 66, 67, 68, 69, 70, 71, 72, 73, 74, 75, 76, 77, 78, 79, 80, 81, 82, 83, 84, 85, 86, 87, 88, 89, 90, 91, 92, 93, 94, 95
43, 48, 49, 51, 54, 56, 57, 58, 59, 62, 65, 66, 68, 69, 70, 72, 73, 74, 75, 76, 77, 78, 79, 80, 81, 82, 83, 84, 85, 86, 87, 88, 89, 90, 91, 92, 93, 94, 95
73, 78, 83
58, 59, 61, 63, 72, 73, 74, 75, 76, 78, 79, 81, 82, 84, 85, 86, 87, 88, 89, 90, 91, 92, 93, 95
49, 60, 75, 81, 82, 87, 89, 91, 92, 93
29, 74, 76, 77, 78, 81, 83, 84, 85, 86, 87, 89, 93
47, 53, 54, 55, 56, 63, 64, 69, 70, 72, 73, 74, 75, 76, 77, 78, 79, 80, 81, 82, 83, 84, 85, 86, 87, 88, 89, 90, 91, 92, 93, 94, 95
25, 42, 48, 49, 60, 63, 72, 73, 74, 75, 76, 77, 78, 79, 80, 81, 82, 83, 84, 86, 88, 89, 90, 91, 92, 93, 94
77, 81, 88, 90, 91, 93
52, 72, 73, 74, 79, 83, 84, 85, 87, 88, 89, 90, 91
25, 33, 48, 49, 50, 51, 53, 54, 56, 57, 59, 61, 62, 64, 65, 66, 68, 72, 73, 74, 75, 76, 77, 78, 79, 80, 81, 82, 83, 84, 85, 86, 87, 88, 89, 90, 91, 92, 93, 94, 95
73, 82, 85, 88
33, 71, 73, 74, 78, 89, 91
53, 55, 70, 73, 75, 81, 87, 94, 95
53, 67, 68, 72, 74, 75, 77, 79, 80, 81, 82, 83, 84, 85, 87, 88, 89, 90, 92, 93, 95
57, 64, 65, 71, 72, 73, 74, 75, 76, 77, 78, 79, 80, 81, 82, 83, 84, 85, 86, 87, 88, 89, 90, 91, 92, 93, 94, 95
50, 51, 61, 63, 72, 73, 74, 76, 77, 78, 79, 81, 82, 85, 88, 89, 90, 91, 92, 94
36, 65, 68, 73, 74, 75, 77, 80, 81, 82, 83, 84, 85, 86, 87, 89, 90, 94
66, 67, 69, 74, 75, 76, 77, 78, 79, 81, 82, 83, 84, 90, 92, 94, 95
26, 28, 35, 48, 49, 50, 51, 53, 55, 57, 58, 60, 61, 62, 63, 64, 65, 66, 67, 70, 72, 74, 75, 76, 77, 78, 79, 80, 81, 82, 83, 84, 85, 86, 87, 88, 89, 90, 91, 92, 93, 94, 95
39, 48, 49, 50, 51, 54, 55, 56, 58, 63, 65, 66, 67, 68, 70, 72, 73, 74, 75, 76, 77, 78, 79, 80, 81, 82, 83, 84, 85, 86, 87, 88, 89, 90, 91, 92, 93, 94, 95
34, 42, 49, 56, 59, 60, 61, 62, 68, 72, 73, 74, 75, 76, 77, 78, 79, 80, 81, 82, 83, 84, 85, 86, 87, 88, 89, 90, 91, 92, 93, 94, 95
36, 42, 51, 53, 58, 60, 64, 65, 66, 70, 72, 73, 74, 75, 76, 77, 78, 79, 80, 81, 82, 83, 84, 85, 86, 87, 89, 90, 91, 93, 94, 95
50, 66, 72, 73, 75, 76, 77, 78, 79, 80, 81, 82, 83, 86, 87, 89, 91, 92, 94, 95
30, 47, 50, 55, 61, 63, 65, 69, 70, 72, 73, 74, 75, 76, 77, 78, 79, 80, 81, 82, 83, 84, 85, 86, 87, 88, 89, 90, 91, 92, 93, 94, 95
49, 68, 81, 86, 87, 88, 91, 93, 94, 95
48, 49, 50, 51, 52, 60, 64, 65, 72, 73, 74, 75, 76, 77, 78, 79, 80, 81, 82, 83, 84, 85, 86, 87, 88, 89, 90, 91, 92, 93, 94, 95
72, 73, 82, 88, 91, 92, 94
52, 57, 60, 64, 66, 73, 74, 75, 76, 77, 78, 79, 80, 81, 82, 84, 85, 86, 87, 88, 89, 90, 91, 92, 93, 94, 95
42, 48, 52, 59, 60, 63, 65, 67, 68, 73, 74, 75, 76, 77, 78, 79, 80, 81, 82, 83, 84, 85, 86, 87, 88, 89, 90, 92, 93, 94, 95
65, 74, 92
73, 85, 88, 93
40, 48, 50, 51, 52, 54, 55, 56, 57, 58, 59, 61, 62, 63, 64, 66, 68, 70, 71, 72, 73, 74, 75, 76, 77, 78, 79, 80, 81, 82, 83, 84, 85, 86, 87, 88, 89, 90, 91, 92, 93, 94, 95
44, 48, 66, 77, 80, 82, 83, 87, 92, 94
72, 73, 76, 77, 78, 80, 81, 83, 84, 85, 86, 87, 88, 89, 91, 93, 94, 95
31, 50, 54, 58, 60, 63, 65, 66, 69, 71, 72, 73, 74, 75, 76, 77, 78, 79, 80, 81, 82, 83, 84, 85, 86, 87, 89, 91, 92, 93, 94, 95
39, 51, 65, 74, 75, 76, 79, 80, 82, 83, 86, 88, 90, 91, 93, 94, 95
49, 51, 52, 63, 70, 72, 73, 74, 75, 76, 77, 78, 79, 80, 82, 83, 86, 87, 88, 89, 90, 91, 94
48, 52, 53, 56, 57, 59, 62, 64, 72, 74, 75, 76, 77, 78, 80, 82, 83, 84, 85, 86, 87, 88, 90, 91, 92, 93, 95
43, 48, 53, 54, 62, 72, 73, 74, 75, 76, 77, 78, 79, 80, 81, 82, 83, 84, 85, 86, 87, 88, 89, 90, 91, 93, 94, 95
59, 73, 74, 75, 76, 78, 81, 82, 85, 86, 87, 88, 89, 91, 93
33, 44, 48, 49, 53, 61, 63, 72, 74, 75, 76, 77, 80, 81, 83, 84, 85, 86, 87, 88, 89, 91, 93, 94, 95
73, 75
24, 59, 72, 73, 74, 75, 77, 81, 82, 83, 84, 85, 86, 88, 90, 91, 92, 93, 94
27, 49, 50, 54, 55, 62, 63, 64, 65, 68, 72, 73, 74, 75, 76, 77, 78, 79, 80, 81, 82, 83, 84, 85, 86, 87, 88, 89, 90, 91, 92, 93, 94, 95
73, 74, 75, 78, 79, 83, 86, 89, 91
72, 73, 74, 76, 77, 78, 79, 80, 81, 82, 83, 84, 85, 86, 87, 88, 89, 90, 91, 92, 94
27, 37, 39, 48, 51, 54, 59, 61, 62, 65, 66, 69, 70, 71, 72, 73, 74, 75, 76, 77, 78, 79, 80, 81, 82, 83, 84, 85, 86, 87, 88, 89, 90, 91, 92, 93, 94, 95
13, 48, 50, 53, 56, 57, 58, 59, 64, 67, 70, 72, 73, 74, 75, 76, 77, 78, 79, 80, 81, 82, 83, 84, 85, 86, 87, 88, 89, 90, 91, 92, 93, 94, 95
35, 37, 48, 49, 51, 52, 53, 54, 55, 56, 57, 58, 59, 60, 61, 62, 63, 64, 65, 66, 67, 68, 69, 71, 72, 73, 74, 75, 76, 77, 78, 79, 80, 81, 82, 83, 84, 85, 86, 87, 88, 89, 90, 91, 92, 93, 94, 95
50, 59, 60, 72, 73, 74, 75, 78, 79, 80, 81, 82, 83, 84, 86, 88, 89, 90, 91, 94
51, 59, 60, 63, 67, 73, 74, 75, 76, 77, 79, 80, 81, 82, 83, 86, 89, 90, 94, 95
50, 52, 64, 65, 66, 74, 75, 77, 79, 80, 81, 83, 84, 85, 86, 90, 91, 93, 94
66, 69, 73, 76, 80, 82, 84, 87, 94, 95
12, 28, 44, 48, 50, 51, 53, 55, 56, 57, 59, 60, 68, 70, 71, 72, 73, 74, 75, 76, 77, 78, 79, 80, 81, 82, 83, 84, 85, 86, 87, 88, 89, 90, 91, 92, 93, 94, 95
57, 73, 77, 79, 83, 85, 89, 91, 92, 94
25, 29, 34, 37, 44, 46, 47, 48, 49, 51, 52, 53, 55, 57, 58, 59, 61, 62, 63, 64, 65, 66, 67, 68, 69, 70, 71, 72, 73, 74, 75, 76, 77, 78, 79, 80, 81, 82, 83, 84, 85, 86, 87, 88, 89, 90, 91, 92, 93, 94, 95
9, 23, 25, 50, 51, 52, 53, 54, 55, 56, 57, 58, 59, 63, 66, 69, 70, 71, 72, 73, 74, 75, 76, 77, 78, 79, 80, 81, 82, 83, 84, 85, 86, 87, 88, 89, 90, 91, 92, 93, 94, 95
48, 55, 62, 63, 72, 73, 77, 78, 79, 80, 81, 82, 83, 85, 86, 87, 93, 94
80, 91, 94
59, 65, 71, 72, 74, 77, 78, 79, 80, 82, 84, 87, 88, 92, 93, 95
73, 74, 82, 88, 89, 90
27, 40, 54, 56, 57, 58, 59, 61, 63, 64, 68, 70, 72, 73, 74, 76, 77, 78, 79, 80, 81, 82, 83, 84, 85, 86, 87, 88, 89, 90, 91, 92, 93, 94, 95
50, 54, 56, 58, 59, 60, 63, 64, 65, 68, 70, 71, 72, 73, 74, 75, 76, 77, 78, 79, 80, 81, 82, 83, 84, 85, 86, 87, 88, 90, 91, 92, 93, 94, 95
25, 49, 56, 63, 65, 67, 68, 71, 72, 73, 74, 75, 76, 77, 78, 79, 80, 81, 82, 83, 84, 85, 86, 87, 88, 89, 90, 91, 92, 93, 94, 95
30, 48, 54, 56, 63, 64, 72, 73, 74, 75, 76, 77, 78, 80, 81, 82, 83, 84, 86, 87, 88, 89, 90, 91, 92, 93, 94, 95
44, 48, 49, 51, 52, 62, 66, 70, 72, 73, 74, 75, 76, 77, 78, 79, 80, 81, 82, 83, 84, 85, 86, 87, 89, 91, 94, 95
64, 73, 77, 80, 82, 89, 95
67, 77, 80, 82, 83, 84, 88, 93, 94
58, 73, 74, 75, 77, 80, 82, 85, 88, 90, 91, 93, 94, 95
3, 26, 30, 31, 32, 34, 37, 38, 40, 41, 42, 43, 44, 45, 46, 48, 49, 50, 51, 52, 53, 54, 55, 56, 57, 58, 59, 60, 61, 62, 63, 64, 65, 66, 67, 68, 69, 70, 71, 72, 73, 74, 75, 76, 77, 78, 79, 80, 81, 82, 83, 84, 85, 86, 87, 88, 89, 90, 91, 92, 93, 94, 95
39, 51, 53, 62, 64, 65, 72, 73, 74, 75, 76, 77, 79, 81, 82, 83, 84, 85, 86, 88, 89, 90, 91, 92, 93, 95
31, 41, 45, 48, 49, 51, 59, 60, 63, 64, 65, 67, 68, 71, 72, 73, 74, 75, 76, 77, 78, 79, 80, 81, 82, 83, 84, 85, 86, 87, 88, 89, 90, 91, 92, 93, 94, 95
34, 54, 57, 67, 69, 72, 73, 75, 76, 77, 78, 79, 80, 81, 82, 83, 84, 85, 86, 87, 88, 89, 90, 91, 92, 93, 94, 95
37, 51, 54, 55, 70, 71, 72, 73, 74, 75, 76, 77, 78, 79, 80, 81, 82, 83, 84, 85, 86, 87, 88, 89, 90, 91, 92, 93, 94, 95
54, 58, 61, 72, 73, 74, 75, 76, 77, 78, 79, 80, 81, 82, 83, 84, 85, 86, 87, 88, 90, 91, 93, 94, 95
52, 59, 62, 69, 71, 72, 74, 75, 76, 77, 78, 79, 80, 81, 82, 83, 84, 85, 86, 87, 88, 89, 90, 91, 92, 93, 94, 95
48, 49, 55, 56, 57, 58, 60, 61, 62, 63, 64, 65, 66, 67, 71, 72, 73, 74, 75, 76, 77, 78, 79, 80, 81, 82, 83, 84, 85, 86, 87, 88, 89, 90, 91, 92, 93, 94, 95
80, 81, 83, 92
53, 54, 72, 73, 75, 76, 77, 78, 79, 80, 82, 83, 85, 86, 88, 89, 91, 94, 95
29, 49, 52, 53, 56, 61, 62, 64, 65, 66, 70, 72, 73, 74, 75, 76, 77, 78, 79, 80, 81, 82, 83, 84, 85, 86, 87, 88, 89, 90, 91, 92, 93, 94, 95
48, 85, 87
1, 15, 16, 26, 27, 28, 29, 31, 32, 33, 34, 35, 36, 37, 38, 39, 40, 41, 43, 44, 45, 46, 47, 48, 49, 50, 51, 52, 53, 54, 55, 56, 57, 58, 59, 60, 61, 62, 63, 64, 65, 66, 67, 68, 69, 70, 71, 72, 73, 74, 75, 76, 77, 78, 79, 80, 81, 82, 83, 84, 85, 86, 87, 88, 89, 90, 91, 92, 93, 94, 95
0, 31, 33, 37, 39, 40, 48, 50, 51, 52, 53, 54, 55, 56, 57, 58, 59, 60, 63, 64, 65, 66, 67, 68, 69, 70, 71, 72, 73, 74, 75, 76, 77, 78, 79, 80, 81, 82, 83, 84, 85, 86, 87, 88, 89, 90, 91, 92, 93, 94, 95
53, 57, 66, 70, 73, 75, 82, 87, 88, 94
61, 72, 73, 74, 75, 77, 79, 80, 84, 88, 91, 93, 94, 95
25, 30, 37, 41, 43, 46, 48, 49, 50, 51, 52, 53, 54, 55, 56, 57, 58, 59, 60, 61, 62, 63, 64, 65, 66, 67, 68, 69, 70, 71, 72, 73, 74, 75, 76, 77, 78, 79, 80, 81, 82, 83, 84, 85, 86, 87, 88, 89, 90, 91, 92, 93, 94, 95
48, 71, 72, 73, 74, 76, 77, 78, 79, 80, 81, 82, 83, 84, 85, 86, 87, 88, 89, 90, 91, 92, 93, 94, 95
49, 50, 52, 60, 61, 63, 64, 66, 72, 73, 74, 75, 76, 77, 78, 79, 80, 81, 82, 83, 84, 85, 86, 87, 88, 89, 90, 91, 92, 93, 94, 95
17, 24, 25, 27, 28, 30, 33, 39, 41, 42, 48, 49, 50, 51, 52, 53, 54, 55, 56, 57, 58, 59, 60, 61, 62, 63, 64, 65, 66, 67, 68, 69, 70, 71, 72, 73, 74, 75, 76, 77, 78, 79, 80, 81, 82, 83, 84, 85, 86, 87, 88, 89, 90, 91, 92, 93, 94, 95
33, 43, 53, 60, 65, 67, 72, 73, 74, 75, 76, 77, 78, 79, 80, 81, 82, 83, 84, 85, 86, 87, 88, 89, 90, 91, 92, 93, 94, 95
1, 24, 26, 27, 28, 31, 34, 35, 36, 38, 40, 41, 45, 47, 48, 49, 50, 51, 52, 53, 54, 55, 56, 57, 58, 59, 60, 61, 62, 63, 64, 65, 66, 67, 68, 69, 70, 71, 72, 73, 74, 75, 76, 77, 78, 79, 80, 81, 82, 83, 84, 85, 86, 87, 88, 89, 90, 91, 92, 93, 94, 95
23, 37, 50, 62, 69, 71, 72, 73, 74, 75, 76, 77, 78, 79, 80, 82, 84, 86, 87, 88, 89, 90, 91, 92, 93, 94, 95
73, 74, 77, 78, 82, 85, 93
19, 35, 36, 44, 45, 46, 48, 50, 51, 52, 53, 54, 55, 56, 57, 58, 59, 60, 61, 64, 65, 66, 67, 68, 69, 70, 71, 72, 73, 74, 75, 76, 77, 78, 79, 80, 81, 82, 83, 84, 85, 86, 87, 88, 89, 90, 91, 92, 93, 94, 95
81, 82, 91
49, 73, 77
92, 93
22, 24, 38, 48, 49, 50, 52, 54, 55, 56, 57, 58, 59, 60, 61, 62, 66, 67, 69, 71, 72, 73, 74, 75, 76, 77, 78, 79, 80, 81, 82, 83, 84, 85, 86, 87, 88, 89, 90, 91, 92, 93, 94, 95
75, 79, 90, 94
45, 47, 49, 50, 51, 52, 53, 54, 55, 56, 57, 59, 61, 62, 68, 71, 72, 73, 74, 75, 76, 77, 78, 79, 80, 81, 82, 83, 84, 85, 86, 87, 88, 89, 90, 91, 92, 93, 94, 95
52, 59, 67, 72, 73, 75, 77, 78, 79, 80, 81, 83, 84, 87, 89, 90, 91, 92, 93, 94, 95
58, 69, 72, 74, 76, 81, 82, 83, 84, 85, 86, 87, 89, 90, 92, 94, 95
86
74, 75, 76, 77, 79, 81, 82, 84, 85, 86, 88, 89, 90, 92, 95
1, 2, 3, 4, 5, 7, 8, 9, 10, 11, 13, 17, 19, 21, 22, 23, 24, 25, 26, 27, 28, 29, 30, 31, 32, 33, 34, 35, 36, 37, 38, 39, 40, 41, 42, 43, 44, 45, 46, 47, 48, 49, 50, 51, 52, 53, 54, 55, 56, 57, 58, 59, 60, 61, 62, 63, 64, 65, 66, 67, 68, 69, 70, 71, 72, 73, 74, 75, 76, 77, 78, 79, 80, 81, 82, 83, 84, 85, 86, 87, 88, 89, 90, 91, 92, 93, 94, 95
77, 87, 91, 95
72, 75, 78, 81
48, 58, 59, 62, 63, 65, 66, 70, 71, 73, 74, 76, 77, 78, 80, 81, 82, 83, 84, 85, 87, 88, 89, 90, 91, 92, 93, 94, 95
74
26, 57, 74, 75, 83
57, 58, 68, 71, 72, 75, 78, 79, 80, 82, 83, 84, 86, 87, 88, 89, 92, 93, 95
78, 81, 87, 91, 93, 94
79, 85, 86, 88
65, 74, 75, 76, 77, 78, 79, 80, 81, 83, 84, 85, 87, 90, 92, 94, 95
73, 79, 80, 83, 94
57, 63, 75, 78, 82, 84, 92, 95
0, 32, 73, 74, 75, 76, 77, 78, 80, 81, 82, 83, 84, 85, 86, 87, 88, 89, 90, 91, 93, 94, 95
31, 33, 48, 73, 75, 80, 84, 85, 86, 95
49, 50, 53, 54, 57, 59, 68, 69, 71, 72, 73, 74, 75, 76, 77, 78, 79, 80, 81, 82, 83, 84, 85, 86, 87, 88, 89, 90, 91, 92, 93, 94, 95
70, 73, 74, 75, 76, 78, 80, 81, 82, 86, 88, 89, 90, 91, 92, 93, 95
28, 29, 30, 49, 53, 55, 57, 60, 61, 62, 63, 65, 68, 69, 70, 72, 73, 74, 75, 76, 77, 78, 79, 80, 81, 82, 83, 84, 85, 86, 87, 88, 89, 90, 91, 92, 93, 94, 95
1, 24, 27, 30, 41, 48, 49, 50, 51, 52, 53, 54, 55, 56, 57, 58, 59, 60, 61, 62, 63, 64, 65, 66, 67, 68, 69, 70, 71, 72, 73, 74, 75, 76, 77, 78, 79, 80, 81, 82, 83, 84, 85, 86, 87, 88, 89, 90, 91, 92, 93, 94, 95
72, 78, 79, 83, 86, 88, 94
51, 81, 84, 88, 89, 91, 92, 93
81
68, 72, 75, 76, 77, 78, 80, 81, 82, 86, 87, 89, 91, 94
24, 27, 38, 42, 46, 48, 50, 51, 52, 53, 54, 55, 56, 57, 58, 59, 60, 61, 62, 64, 65, 66, 67, 68, 70, 71, 72, 73, 74, 75, 76, 77, 78, 79, 80, 81, 82, 83, 84, 85, 86, 87, 88, 89, 90, 91, 92, 93, 94, 95
62, 68, 72, 74, 79, 80, 83, 84, 85, 86, 87, 91, 93, 95
72, 75, 83
48, 57, 67, 74, 77, 78, 80, 82, 85, 87, 88, 89, 90, 91, 95
52, 53, 54, 60, 61, 62, 64, 67, 68, 70, 71, 72, 73, 74, 75, 76, 77, 78, 79, 80, 81, 82, 83, 84, 85, 86, 87, 88, 89, 90, 91, 92, 93, 94, 95
89
54, 73, 76, 78, 82, 92
75, 79, 80, 85
40, 46, 49, 51, 60, 72, 73, 74, 75, 76, 77, 78, 79, 80, 82, 83, 84, 86, 87, 88, 89, 90, 91, 92, 93, 94, 95
80, 86, 90, 95
29, 38, 51, 53, 54, 55, 56, 60, 63, 64, 65, 69, 72, 73, 74, 75, 76, 77, 78, 79, 80, 81, 82, 83, 84, 85, 86, 87, 88, 89, 90, 91, 92, 93, 94, 95
61, 70, 72, 73, 74, 76, 77, 78, 80, 81, 82, 83, 84, 85, 86, 87, 88, 89, 90, 91, 92, 93, 94
66, 84, 93
9, 19, 24, 25, 26, 27, 28, 29, 30, 32, 33, 35, 36, 37, 38, 40, 41, 42, 43, 44, 45, 46, 48, 49, 50, 51, 52, 53, 54, 55, 56, 57, 58, 59, 60, 61, 62, 63, 64, 65, 66, 67, 68, 69, 70, 71, 72, 73, 74, 75, 76, 77, 78, 79, 80, 81, 82, 83, 84, 85, 86, 87, 88, 89, 90, 91, 92, 93, 94, 95
49, 52, 53, 55, 61, 63, 64, 70, 72, 73, 74, 75, 76, 77, 78, 79, 80, 81, 82, 84, 85, 86, 87, 88, 90, 91, 92, 93, 94, 95
73, 74, 78, 79, 81, 82, 87, 91, 92, 93, 95
26, 53, 55, 57, 59, 60, 61, 62, 64, 67, 70, 72, 73, 74, 75, 76, 77, 78, 79, 80, 81, 82, 83, 84, 85, 86, 87, 88, 89, 90, 91, 92, 94, 95
41, 51, 60, 63, 64, 65, 71, 72, 73, 74, 75, 76, 77, 78, 79, 80, 81, 82, 83, 84, 85, 86, 87, 88, 89, 90, 91, 92, 93, 94, 95
48, 50, 51, 53, 54, 61, 67, 68, 70, 72, 73, 74, 75, 76, 77, 78, 79, 80, 82, 83, 84, 85, 86, 87, 89, 90, 91, 92, 93, 94, 95
63, 65, 66, 72, 73, 74, 75, 76, 77, 78, 79, 80, 84, 85, 86, 87, 88, 89, 91, 92, 93, 94, 95
84, 85, 89
81, 83
48, 53, 54, 61, 65, 72, 73, 74, 76, 77, 78, 79, 81, 82, 83, 84, 86, 87, 88, 90, 91, 92, 93, 94, 95
61, 65, 68, 73, 74, 75, 77, 78, 79, 81, 83, 84, 85, 86, 88, 89, 92, 93
78, 79, 81, 84, 91
75, 91, 93
49, 58, 65, 73, 74, 75, 76, 77, 78, 79, 80, 81, 82, 83, 84, 85, 86, 87, 89, 90, 91, 92, 93, 94, 95
30, 50, 54, 57, 60, 65, 69, 70, 72, 73, 74, 75, 76, 77, 78, 79, 80, 81, 82, 83, 84, 85, 86, 87, 88, 89, 90, 91, 92, 93, 94, 95
72, 77, 80, 81, 86, 94
74, 75, 84, 87, 88
49, 55, 56, 61, 62, 64, 65, 67, 68, 69, 70, 72, 73, 74, 75, 76, 77, 78, 79, 80, 81, 82, 83, 84, 85, 86, 87, 88, 89, 90, 91, 92, 93, 94, 95
43, 56, 57, 63, 68, 72, 73, 74, 75, 76, 77, 78, 79, 80, 81, 82, 83, 84, 85, 86, 87, 88, 89, 90, 91, 92, 93, 94, 95
56, 72, 73, 74, 75, 78, 79, 80, 82, 83, 84, 85, 86, 88, 89, 91, 92
73, 75, 88, 89, 91, 92
82
12, 16, 19, 24, 26, 28, 29, 31, 33, 44, 46, 48, 49, 50, 51, 52, 53, 54, 55, 56, 57, 58, 59, 60, 61, 62, 63, 64, 65, 66, 67, 68, 69, 70, 71, 72, 73, 74, 75, 76, 77, 78, 79, 80, 81, 82, 83, 84, 85, 86, 87, 88, 89, 90, 91, 92, 93, 94, 95
51, 68, 72, 73, 76, 79, 83, 84, 85, 86, 87, 89, 90, 92, 95
27, 38, 41, 51, 52, 54, 58, 61, 64, 65, 67, 71, 72, 73, 74, 75, 76, 77, 78, 79, 80, 81, 82, 83, 84, 85, 86, 87, 88, 89, 90, 91, 92, 93, 94, 95
70, 72, 73, 76, 82, 93, 94, 95
50, 56, 59, 65, 72, 73, 74, 77, 78, 79, 80, 81, 82, 83, 84, 85, 87, 88, 93, 94
58, 79, 80, 85, 89, 90
44, 54, 55, 56, 57, 58, 62, 70, 72, 73, 74, 75, 76, 77, 78, 79, 80, 81, 82, 83, 84, 85, 86, 87, 88, 89, 90, 91, 92, 93, 94, 95
15, 26, 28, 32, 50, 51, 52, 54, 55, 57, 58, 59, 60, 62, 64, 65, 66, 67, 69, 71, 72, 73, 74, 75, 76, 77, 78, 79, 80, 81, 82, 83, 84, 85, 86, 87, 88, 89, 90, 91, 92, 93, 94, 95
75, 77, 89
72, 74, 75, 76, 79, 94, 95
95
30, 46, 48, 50, 62, 63, 64, 66, 68, 70, 72, 73, 75, 76, 77, 78, 79, 80, 81, 82, 83, 84, 85, 86, 87, 88, 89, 90, 91, 92, 93, 94, 95
50, 56, 59, 72, 73, 78, 79, 80, 81, 82, 84, 88, 89, 91, 92, 94, 95
48, 66, 74, 75, 80, 81, 83, 86, 87, 91, 95
52, 55, 61, 64, 68, 69, 73, 75, 76, 77, 78, 79, 80, 81, 83, 86, 88, 89, 90, 92, 94
25, 48, 51, 53, 55, 57, 58, 59, 60, 61, 63, 65, 67, 70, 72, 73, 74, 75, 76, 77, 78, 79, 80, 81, 82, 83, 84, 85, 86, 87, 88, 89, 90, 91, 92, 93, 94, 95
54, 56, 58, 65, 66, 72, 73, 75, 76, 77, 78, 79, 80, 81, 82, 83, 84, 85, 86, 87, 88, 89, 91, 92, 93, 94, 95
73, 86, 87, 89, 92
31, 32, 33, 52, 57, 59, 63, 64, 65, 67, 69, 70, 72, 73, 74, 75, 76, 77, 78, 79, 80, 81, 82, 83, 84, 85, 86, 87, 88, 89, 90, 91, 92, 93, 94, 95
51, 53, 76, 78, 81, 82, 83, 87, 90, 92
81, 85, 92
8, 37, 39, 46, 48, 50, 51, 52, 53, 54, 55, 56, 57, 60, 61, 62, 63, 65, 66, 67, 69, 71, 72, 73, 74, 75, 76, 77, 78, 79, 80, 81, 82, 83, 84, 85, 86, 87, 88, 89, 90, 91, 92, 93, 94, 95
48, 54, 57, 60, 62, 69, 71, 72, 74, 75, 76, 79, 80, 81, 82, 83, 84, 85, 87, 88, 91, 93, 94
39, 49, 55, 58, 61, 64, 66, 68, 69, 70, 71, 72, 73, 74, 75, 76, 77, 78, 79, 80, 81, 82, 83, 84, 85, 86, 87, 88, 89, 90, 91, 92, 93, 94, 95
73, 78, 82, 83, 94, 95
66, 72, 77, 79, 85, 88, 93
81, 83, 86, 93, 95
65, 74, 75, 77, 80, 82, 85, 86, 88, 92, 94
50, 60, 61, 64, 71, 73, 74, 75, 76, 77, 78, 79, 81, 83, 84, 86, 87, 88, 89, 90, 91, 92, 93, 94, 95
50, 51, 54, 64, 73, 74, 75, 77, 78, 79, 81, 85, 89, 92
28, 32, 48, 63, 65, 66, 67, 72, 74, 75, 76, 77, 78, 79, 80, 81, 82, 84, 86, 87, 88, 89, 90, 91, 92, 93, 94, 95
24, 25, 26, 35, 41, 43, 44, 46, 48, 49, 50, 51, 52, 53, 54, 55, 56, 57, 58, 59, 60, 61, 62, 63, 64, 65, 66, 67, 68, 69, 70, 71, 72, 73, 74, 75, 76, 77, 78, 79, 80, 81, 82, 83, 84, 85, 86, 87, 88, 89, 90, 91, 92, 93, 94, 95
10, 25, 27, 28, 31, 34, 35, 39, 40, 43, 44, 48, 49, 50, 51, 52, 53, 54, 55, 56, 57, 58, 59, 60, 61, 62, 63, 64, 65, 66, 67, 68, 69, 70, 71, 72, 73, 74, 75, 76, 77, 78, 79, 80, 81, 82, 83, 84, 85, 86, 87, 88, 89, 90, 91, 92, 93, 94, 95
74, 77, 79, 82, 93
25, 37, 52, 53, 55, 61, 62, 68, 72, 73, 74, 75, 76, 77, 78, 79, 80, 81, 82, 83, 84, 85, 86, 87, 88, 89, 90, 92, 93, 94, 95
38, 71, 72, 73, 74, 75, 77, 78, 80, 81, 82, 84, 85, 88, 89, 90, 92
70, 72, 73, 74, 75, 76, 77, 79, 80, 84, 86, 87, 88, 89, 90, 91, 93, 94, 95
36, 61, 64, 65, 71, 72, 73, 74, 75, 76, 78, 79, 80, 81, 82, 83, 84, 85, 86, 87, 88, 89, 90, 92, 95
26, 28, 41, 42, 46, 48, 49, 50, 51, 52, 53, 54, 55, 56, 57, 58, 59, 60, 61, 62, 63, 64, 65, 67, 69, 70, 71, 72, 73, 74, 75, 76, 77, 78, 79, 80, 81, 82, 83, 84, 85, 86, 87, 88, 89, 90, 91, 92, 93, 94, 95
2, 13, 25, 41, 45, 51, 53, 65, 66, 67, 68, 69, 71, 72, 73, 74, 75, 76, 77, 78, 79, 80, 81, 82, 83, 84, 85, 86, 87, 88, 89, 90, 91, 92, 93, 94, 95
52, 57, 60, 73, 78, 91
50, 56, 57, 67, 72, 74, 75, 76, 77, 78, 79, 80, 81, 82, 83, 84, 85, 86, 87, 88, 89, 90, 91, 92, 93, 94
48, 50, 52, 53, 67, 70, 72, 73, 74, 75, 76, 77, 78, 79, 80, 81, 82, 83, 84, 85, 86, 87, 88, 89, 90, 91, 92, 93, 94, 95
15, 31, 34, 41, 48, 49, 53, 54, 55, 56, 57, 58, 59, 60, 61, 62, 63, 64, 65, 66, 67, 68, 69, 70, 71, 72, 73, 74, 75, 76, 77, 78, 79, 80, 81, 82, 83, 84, 85, 86, 87, 88, 89, 90, 91, 92, 93, 94, 95
29, 53, 57, 63, 68, 72, 73, 74, 75, 77, 79, 81, 83, 84, 85, 86, 90, 92, 93
30, 38, 49, 51, 53, 54, 57, 59, 61, 63, 65, 66, 67, 69, 71, 72, 73, 74, 75, 76, 77, 78, 79, 80, 81, 82, 83, 84, 85, 86, 87, 88, 89, 90, 91, 92, 93, 94, 95
74, 83
