60
95
22, 62, 65
59
60
37, 44, 47, 58, 60, 81, 91
70
74, 84
66
42
92
60
84
51
65, 67
12, 39, 60, 66, 68, 71, 78, 83
53
69
68
36, 45, 48, 56, 65, 67, 75, 90
30, 60
42
56
38
50, 58, 63
59, 64
58, 59, 68
48, 53, 80, 92
68
47, 89, 90
49, 63
59, 78
31, 59, 64, 71
39
48, 69
50
39, 52
39
36, 48, 52, 68
42, 65
29
11, 49
50
67
66
35, 54, 69, 89
31
69
79
27, 80
54, 69
52, 58, 59, 65, 70, 72
93
49, 51, 53, 61, 69
16, 28, 29, 30, 36, 63, 64, 86
67
69
27
57
50, 71
73
60
82
55
62
64, 82
55
25, 41, 74, 94
80
68
45
70
61
53
49
77
58, 63
42, 63, 67
66
27
36, 44, 48, 55, 60, 88
54
55, 61
48
75
0, 24, 25, 37, 50, 52, 60, 67
51, 70
41, 56
48, 60
40, 42, 44, 55, 56, 62, 89
83
0
51, 64
28, 64
38
66
62
66
46, 56
70
28
25, 42, 60, 62
67
57
60
48
33
71
93
18
68
12, 44, 49
48
33
56
76
58
48, 56
48, 54, 57
53, 54
86
50
51, 66
54
52
69
57, 60
48
51
63
37
64, 80
20, 70
81
70
24, 66
38, 40, 85
45, 55
68, 82
44, 59, 66
52, 57
58, 62
46
43
62
61, 93
48
58
58
42, 58, 63
32, 41
53
39, 62, 81
92
8, 46, 58
25, 72
42
42
24, 49
58
71, 76
3
66
39, 50
62
58
24
65
95
55, 65
94
70
24, 50
73
73
30, 54, 66
54
35, 55, 63, 64, 65, 67, 69, 89
66, 94
64
61
68
53
19
67
59
71
44, 69, 89
24, 61
79
82
32, 74
55
79
53
62
30, 54, 74
38
53
68
59
52, 59, 66, 68, 74
50
59, 69
65
26, 63
29
47, 68
54
48
71
63
24
58
72
42
49
57
88
41
61, 70
52, 55
57
32, 36, 37, 38, 47, 53, 55, 59, 60, 61, 62, 64, 65, 70, 72, 89
61, 68
56, 81
26
38, 70, 86
56
53
51
47, 50, 51, 55, 59, 65
32, 51, 54, 64, 87
43, 56, 61
44, 60
25, 62
35, 64
31, 50, 90
65
22, 82
66
30, 74, 94
40, 53, 55, 61, 71, 79
53
49, 55, 62, 71, 77, 90
64, 81
61
2, 3, 7, 13, 23, 24, 25, 26, 28, 29, 31, 33, 37, 39, 41, 43, 44, 45, 46, 47, 48, 49, 50, 51, 52, 53, 54, 55, 56, 57, 58, 60, 61, 62, 63, 64, 65, 66, 67, 68, 69, 70, 71, 72, 74, 75, 79, 83, 84, 85, 89, 90, 92, 93, 94, 95
78
71
33
94
69, 74
61
56
53
34
62, 85
65
69
81
13
49
73, 74, 78
57
5
56
33, 71
26
55
2, 32, 44, 52, 58, 66, 84
71
32
60, 66, 80
36
51
15
33
91
24
46, 53, 89
24, 49
66
48
11, 56
31, 75
57
28, 32, 38, 41, 43, 58, 60, 62, 76, 94
50
43, 54
29
68
12
55
33, 84
3, 9, 12, 45, 46, 47, 50, 53, 54, 56, 61, 62, 64, 83, 88, 93
91
64
32, 62, 76, 88
48
59
64
53
48
49
69
0, 1, 4, 5, 6, 7, 8, 9, 11, 12, 13, 18, 19, 20, 21, 23, 24, 25, 26, 27, 28, 29, 30, 32, 33, 34, 35, 36, 37, 38, 39, 40, 41, 42, 43, 44, 45, 46, 47, 48, 49, 50, 51, 52, 53, 54, 55, 56, 57, 58, 59, 60, 61, 62, 63, 64, 65, 66, 67, 68, 69, 70, 71, 72, 73, 74, 75, 76, 77, 78, 79, 80, 81, 82, 83, 84, 85, 86, 87, 88, 89, 90, 91, 92, 95
61
43
44, 71
31, 36, 40, 44, 45, 46, 47, 49, 51, 57, 58, 59, 60, 62, 68, 69, 71, 72, 80, 82, 92
60, 64
61
69
37
21, 60, 80, 89
71
91
49, 55, 57, 60
51, 66
68
64
57, 67
51, 69
40
31
45
51
71
33
34
95
54, 70
49, 69, 72
46
30, 62
87
46, 64
63
29
59, 61, 68, 71
50
40, 62
41, 83
72
56, 83
48, 54, 84, 93
61, 76
36
53
37
50
53
26, 30, 32, 34, 36, 39, 40, 43, 47, 51, 57, 59, 63, 64, 69, 71, 79, 82, 91, 93
49
54
58
38
63
58
48, 70, 92
54
24, 32, 39, 44, 52, 59, 71, 75, 76, 90, 92
64
11, 25, 32, 35, 37, 50, 52, 53, 54, 55, 59, 60, 61, 62, 64, 65, 66, 67, 68, 69, 71, 73, 80
25, 39, 49, 50, 59, 94
54
28
54, 59, 88
71
31, 69, 72
19, 24, 38, 66, 68, 82
28
33
31, 46, 74
51
51
47
58
42, 79
69
46, 48
72
36
60
63
57
63, 81
32, 34, 51
56, 69
26, 54
0, 1, 11, 25, 27, 29, 31, 33, 34, 35, 39, 40, 42, 43, 46, 48, 49, 50, 51, 52, 53, 54, 55, 58, 59, 63, 64, 65, 67, 68, 69, 70, 71, 72, 75, 76, 77, 78, 81, 82, 84, 87, 89, 91, 93
67
70
90
25, 93
53
52
62
63
3, 42, 46, 48, 50, 51, 53, 56, 58, 62, 64, 66, 68, 70, 78, 81, 91, 95
67
65
51, 69, 89
86
24, 26, 34, 36, 47, 54, 55, 57, 58, 60, 62, 64, 66, 67, 68, 70, 73, 78, 82, 87, 91, 94, 95
54, 66
43
72
54, 93
32, 33, 34, 45, 46, 52, 61, 63, 64, 67, 71, 74, 85, 89
63
49
30, 53
40, 84
30, 33, 58, 63, 78, 95
37, 65
62, 64, 68, 85
33, 42, 50, 54, 55, 63, 64, 68, 71, 91
70
51
51
53
51
63
77
39, 61
25, 50
38, 52, 66, 79
44
64
66
55
49
53
48
63, 64
47
56
62
61
29, 60, 61, 63, 67
59
38
27
46
43
63, 71
38
3, 92
85
40, 50, 53, 57
39, 59
71, 84, 87
48
49, 53
28, 52, 53, 57, 59
74
66
65
69
51
24, 67, 68
53
65, 73
50
68
25, 28
51, 68, 70
37, 49, 55, 59, 70, 84
47, 52, 57, 65
28
63
64
57
58
12, 28, 31, 33, 34, 36, 41, 45, 49, 50, 51, 52, 55, 56, 57, 58, 59, 60, 62, 63, 64, 65, 67, 71, 77, 79, 81, 87, 90
53
17, 49, 67, 83, 84
88
44, 52, 65
58
67
87
44
69, 83
31, 47
37, 52
79
53
34, 44, 57, 64, 84, 91
8, 25, 56, 69, 90
4, 36, 53, 55, 57, 60
77
26, 57
29, 51
35
55
68, 69
62, 78
24, 47, 48, 55, 57, 67, 70, 80
67
37
39, 61
61
27, 57, 64
27, 47, 68, 92
0, 6, 16, 21, 29, 31, 39, 42, 45, 46, 48, 49, 51, 52, 53, 55, 57, 58, 60, 61, 63, 64, 66, 68, 70, 73, 75, 81, 84, 86
59, 69, 89
71
32, 52
60
45, 68
83
55
93
46, 64
71
5
73
67
19
71
56
37
36
48, 49, 50, 52, 53, 63, 67, 69, 77, 79
93
65
54
28, 45, 74, 82
29, 57
0, 5, 22, 26, 27, 28, 30, 33, 34, 44, 45, 46, 47, 48, 51, 53, 55, 57, 58, 59, 60, 61, 62, 65, 67, 68, 69, 70, 71, 75, 83, 84, 85, 86, 87, 90, 93, 94
51, 84
9, 60, 70, 94
89
32
95
29
69
26, 35
11, 35, 64
9, 24, 31, 37, 44, 49, 54, 55, 56, 62, 70, 91
29
28, 37, 58, 90
53, 57, 71
59, 61, 68
39
25
50
61, 81
67
50
67
68
30
45, 52, 65, 77
26
35, 53, 57, 67
10, 72
58
86
45, 62, 79
28, 71
73
87
66
62, 83
61, 62
1
60
54
26
95
51, 61
70
53, 60
49, 64, 65
34, 89
26, 91
61
63, 65
88
61, 63
42
92, 93
67
36, 53, 61, 70, 79
43, 46, 50, 84
17, 60
48
81
63
42, 43, 57
52, 64, 87
68, 69
64
60
38, 56, 61
70
30, 45, 61, 63, 67, 70, 92, 95
28, 48, 53, 60, 73, 83, 86
52, 65, 68
65
70
42
46, 48, 49, 68
8, 20, 34, 54, 57, 67, 70
55
54
62
50
84
29, 41, 46, 60, 89
26
51
35, 50, 57, 64
66
6, 71, 74
64
50, 51, 62, 65, 72, 76, 91
57
48, 56
53, 66
33
35, 60
71
72
68, 76
8, 24, 39, 42, 44, 50, 60, 64, 65, 68, 70, 82, 86, 89
36
75
50
49
2, 33, 37, 43, 49, 50, 54, 55, 56, 57, 61, 69, 73, 80, 89
36, 37, 66
45, 59
52, 53, 54, 55, 58, 63, 67
31, 78
49
55
47
26, 37, 66
26, 30, 39, 53, 54, 58, 64, 76
64
16, 37, 50, 52, 58, 73
32, 67, 83
66
58, 63
45, 54, 92
53
37, 57
49, 69
55
51
35, 36, 38, 45, 48, 56, 60, 63, 65, 71, 94
65
12
55, 95
29, 42
60
30, 56, 58, 77, 92
85
58
62
36, 42, 44, 48, 60, 77, 89
34
63
69
78
48, 54
56
31, 52, 62, 63, 70, 75, 92
50
56
92
40
63, 75
44, 60, 65, 74
72
49, 50, 71
68
53
92
77, 88
28
70
28
26, 38, 44, 49
67
70, 95
58
62
45
68
53
42, 52
36
64, 66
25
56, 61, 64, 79
5, 18, 25, 26, 28, 34, 45, 46, 53, 60, 66, 71, 73, 78
64, 68
63, 67
47
55
90
31
83
63
59, 66, 70
2, 9, 25, 27, 32, 35, 37, 38, 40, 42, 46, 49, 52, 53, 54, 56, 57, 62, 64, 65, 66, 76, 79, 80, 85, 90, 93
60
53
78
33, 58
53
52
56, 78
5, 24, 26, 34, 41, 42, 43, 45, 47, 49, 50, 51, 52, 53, 54, 55, 56, 58, 59, 60, 61, 62, 63, 65, 66, 67, 68, 69, 70, 77, 80, 83, 85, 87, 89, 92, 93, 94
37, 48, 50, 61, 69, 71
77
73
29, 70
49, 68
30, 67
95
51
64
31
36
70
59
15, 21, 26, 28, 29, 30, 40, 42, 43, 45, 48, 54, 59, 61, 63, 66, 67, 68, 69, 82
59
49
66
69
27, 40, 48, 49, 67, 71
57, 71
70
41
26, 30, 40, 48, 52, 54, 55, 57, 58, 60, 61, 62, 64, 65, 68, 71, 79, 80
56, 65, 68
71
80
62
67
57
23
26
51
79
70
88
54, 71
66, 80
44
38, 56
45
54
61
59
50, 82
47, 51, 54, 60, 74, 83
38, 43, 48, 54, 58, 62, 63, 65, 71, 79, 95
46
39
35, 37, 47
51
63
62
78
59
41, 51, 70, 84
25, 30, 48, 53, 54, 56, 57, 63, 64, 71, 76, 79
48, 64
70, 91
24, 59
22, 47, 60
10, 14, 34, 38, 48, 50, 54, 55, 56, 57, 61, 64, 66, 70, 79, 91
47, 67
85
27, 50, 59
49
63, 83
74
44
25
54
71
50
49
53, 59, 61, 65, 67, 71, 80
54
4, 25, 40, 54, 55, 57, 60, 61, 62, 66, 83, 84, 89, 90, 91
55
9, 18, 21, 23, 24, 25, 26, 27, 28, 29, 30, 32, 34, 35, 36, 38, 44, 45, 46, 48, 49, 50, 51, 52, 53, 54, 55, 56, 59, 60, 61, 62, 63, 64, 65, 66, 67, 68, 69, 71, 72, 73, 81, 82, 84, 90, 94, 95
33, 52
30
62
42, 68, 69, 73
65
57
57
15
36
58, 71, 78
43, 69
80
58
58, 65, 70, 75
27
35
8
51, 70
61
65, 67, 73
21, 44, 48, 65
56
65
50, 52
67
85
73
27, 58
43
70
24
53
40, 45, 52, 55, 66, 69, 70, 73, 95
68
69
42
39
41
70
49
31
25, 33, 51
75
80
40, 50
32
94
58
38
42, 52
73
39
70
45
75
61
36
26
67
58
76, 92
49, 60
58
52, 65
71
53
90
38, 40, 44, 48, 51, 52, 53, 64, 71, 86, 95
36
55
8, 32, 33, 40, 46, 50, 52, 60, 62, 66, 67, 68, 70, 71, 85, 94
36, 38, 54, 57
49
41, 50, 56, 57, 63
70
78
35, 41
63
33
88
75
38, 42, 51, 53, 56, 58, 61, 63, 65, 67, 71, 75, 77, 83
43
28
51
52
64, 83
27, 46, 66, 70
29, 33, 65, 67
52
24, 69
56
74
1, 3, 13, 14, 15, 18, 19, 20, 24, 25, 26, 27, 28, 30, 31, 32, 34, 35, 37, 38, 39, 40, 41, 42, 43, 44, 45, 46, 47, 48, 49, 50, 51, 52, 53, 54, 55, 56, 57, 58, 59, 60, 61, 62, 63, 64, 65, 66, 67, 68, 69, 70, 71, 74, 75, 76, 77, 81, 83, 85, 87, 88, 90, 91, 93, 94
58
48
34, 61
93
56
29, 81
78
66
34
53
76
37, 42, 51, 56, 74, 87
32
31, 59, 66
35, 92
56
77
88
66
69, 87
46
57
54
38, 49, 61, 83
61
80
51
70, 71, 86
54
56
55, 60, 61, 63
36, 57
57
0, 4, 14, 15, 25, 27, 29, 31, 35, 37, 38, 41, 42, 43, 46, 47, 49, 50, 51, 52, 53, 54, 55, 56, 57, 58, 59, 60, 61, 62, 63, 64, 65, 66, 67, 68, 69, 70, 71, 74, 76, 77, 80, 81, 82, 83, 84, 86, 87, 91, 92, 93, 95
55
47
59
86
66
33
83
46
71
67
27, 49, 50, 61, 65, 66
50
31
23, 40, 57, 61, 63, 78
54
53
66
95
41, 61, 78, 89
50
64
54, 57, 66, 91
66
4
67
62
31
69, 72
69
51
67
40, 55, 57, 58, 60
33, 44, 57, 64, 70
25
30, 55, 86, 87
82
32, 35, 53, 54, 58, 67, 94
63
43, 85
51, 91
42
57
37
65
83
85
32
59
58
10
33, 35, 58
14, 24, 26, 29, 33, 36, 38, 39, 41, 43, 45, 46, 47, 49, 50, 51, 53, 54, 55, 56, 57, 58, 59, 60, 61, 62, 64, 66, 67, 68, 69, 70, 71, 73, 77, 79, 80, 82, 84, 91
59
67
1, 54, 63, 64, 77, 93
36, 51
28
68, 71
1
27
24, 30, 51, 57, 60, 63, 64, 69
73, 88, 95
6
58
37
48
85, 94
48
64
80
65
15, 93
95
42
67
54
25
93
28, 57, 62
65
86
7, 37, 61, 65, 70, 81, 87
33, 51
55
83
24
53
51
27, 37, 62
71
29, 30, 31, 51, 58, 59, 61, 69, 72, 77
27
34, 58
24, 55, 56, 66
43
41, 48, 49
50, 56, 62
61
56, 59, 95
26, 48
66
94
65
34
51
51
57
40
50
49
34
54, 68, 77
89
51
33
49, 72
49
58
7, 27, 33, 58, 61, 65, 70, 73, 79, 83, 88, 93
41
35
54, 60
59
25
54
67
58
48, 49, 61, 74
49
11, 77
58
70
45
84
88
35, 49, 64, 68
73
27
58, 59, 64, 68
28, 30, 31, 57
41
58
69
55, 63
58, 69
56
35, 64
31
68, 90
34
14
33
60
70
2, 27, 28, 29, 30, 32, 35, 36, 39, 40, 48, 49, 50, 53, 54, 55, 58, 63, 64, 69, 77, 78, 81, 92
56
49
52
11, 70
26
6, 46, 54
70
32
1, 50, 51, 54, 65
51
30, 56
7, 32, 38, 41, 53, 67, 71, 86
50, 51, 66
48
44
82
55
59
54
65
58, 63
9, 66
14
51
26
25, 50
29, 53
57
28
70
56
60
60
54, 63
49
5, 24, 25, 30, 33, 42, 44, 50, 51, 54, 55, 57, 68, 74, 75, 82, 83, 87, 89
67, 76
32
61, 66, 93
49, 51, 79
34
63
44
20
59
39
52, 60
59, 66, 92
59
65
55
69
29, 49, 59, 63, 73, 80
26
59
44
25, 31, 37, 64, 69
54
58
69
67
58, 68
47, 64
48, 67
57
56
65
4, 24, 31, 39, 45, 49, 50, 52, 55, 57, 58, 60, 62, 66, 67, 69, 75, 78, 79, 80, 81
51
80
53
28, 48
68
27, 77
64
7, 57
63
66
70
53
29, 41, 45, 58, 68, 81, 95
54, 58, 92
59, 71
67
48
57
38
48, 62, 92
55, 94
63, 68
36, 37
48, 50, 59, 60, 66, 69
6, 24, 30, 32, 34, 40, 42, 48, 50, 52, 53, 55, 58, 61, 62, 64, 67, 68, 69, 80, 85, 86, 90, 94
58
93
56
55
60
55, 73
59
68
41
20, 37, 52, 53
32, 72, 74
58
6, 29, 68, 82, 86
43
51
26, 28, 34, 71, 78, 89, 91, 92
31, 41, 50, 83
17
70, 90
54
69
28
78
48, 62, 70
24
76
51
62
72
51
71
38, 48
54, 61, 76
59
34, 70, 88
55
70
53
63
52
51, 84
82
31, 60
81
86
70
88
70
95
56
56, 71
27, 48, 66, 68
48, 76
53
57
43, 62, 67
61
68
67
26
52
51
44, 69, 85
53, 59, 68
56, 64, 69
46
41
59
79
29
6, 21, 24, 27, 34, 35, 40, 47, 48, 50, 51, 52, 59, 62, 63, 64, 65, 75, 78, 83, 95
61
51, 58, 62
71
89
67
11
52
54, 61
93
58
41, 44, 49, 54, 71
35
48, 56
61
65, 81
52, 57
9, 33, 50
2, 8, 23, 29, 31, 32, 33, 34, 35, 40, 42, 45, 48, 49, 50, 51, 52, 53, 54, 55, 56, 57, 59, 60, 61, 62, 63, 65, 69, 70, 71, 72, 74, 75, 76, 77, 81, 83, 88, 91, 93, 95
89
49
32, 40, 41, 54, 56, 64, 93
52, 55
26, 36, 62
60
64
32, 45, 60, 74, 94
25, 36, 43, 44, 59, 64, 66, 70, 95
37, 45, 47, 48, 51, 54, 79, 94
59
52
49, 78
66
51, 88
32, 53, 55, 84
25, 38, 45, 48, 58, 62, 64, 69
63
34, 69, 78
14, 46, 90
47
41
29
64
24, 62
58, 63
63
55
62
68
88
63
54
55, 79
48
21, 25, 28, 31, 34, 41, 43, 44, 47, 54, 55, 56, 58, 65, 66, 67, 70, 73, 80, 82, 85, 88, 91
64
61
57
47, 65
52
10
71
68, 93
70
52
56
49
66
48, 66
66
49
54
34, 63, 69
53
78
31
29
65, 68
58
57
67
70
83
54, 63
64
69
65
89
78
61
67
22, 54
34
65
31, 71
69
78, 88
48
65, 68
51, 53, 77, 95
45
49, 70
34, 51
56, 59, 60, 70
49, 66, 87
66
14
42, 54
55
57
56, 61
29, 55
34
55
57, 58, 69
55
57
52, 69
53
26, 84
65
50
66, 71
29, 47, 50, 65
28, 67
48, 64, 81
65
46
53
20
67
63
49
54, 64, 86
68
32
66
59
22, 55, 59, 63, 69, 71, 86, 93
71
40
77
28, 43
65
49, 60
69
42
18, 26, 30, 55, 67
28
26
25, 29, 41, 47, 48, 51, 53, 54, 59, 60, 67, 86, 87, 92
62
31, 59
41
39
27
72
51
70
73
89
60
3
76
25, 66
71
55
81
50
60
43
36, 37, 40, 48, 53, 60
66, 77
65
95
70
79, 86
60
48, 59
55
78
7, 9, 27, 32, 35, 38, 46, 51, 52, 54, 55, 56, 57, 59, 61, 62, 63, 64, 65, 66, 67, 68, 69, 71, 72, 76, 77, 78, 80, 81, 82, 86, 87, 89, 95
35, 51
39, 77
50
35, 59
57
49
31
63
71
48
67
66
54
57, 71
31, 32, 40, 53
29
91
67
4
48, 58
2, 62
87
27, 40, 54, 82
60, 64, 88, 91
67
61
50
38, 71
27, 95
62
46
40
55
29, 68
86
66
39
56, 58
93
51, 61
89
65, 86
39, 56, 60, 70, 91
71
53
64, 70
58, 62
26, 50
85
40, 51, 56, 58, 67, 68, 76
61
28
41
37
48
58, 63, 90
41
51
85
45, 71, 72
48, 50, 56, 85
22
92
75
32
60, 64
24, 52, 66, 68, 95
0, 1, 10, 13, 16, 17, 21, 24, 25, 26, 27, 28, 29, 30, 31, 32, 33, 34, 36, 38, 39, 40, 41, 42, 43, 44, 45, 47, 48, 49, 50, 51, 52, 53, 54, 55, 56, 57, 58, 59, 60, 61, 62, 63, 64, 65, 66, 67, 68, 69, 70, 71, 73, 74, 75, 76, 77, 78, 79, 80, 81, 82, 83, 84, 87, 88, 89, 90, 91, 92, 93, 95
64
44, 47, 56, 70, 79
58
39, 42, 49, 87
45
65
60
39
38
56
35, 47, 89
42
58
52
38
61
48
36
68
84
48
94
66
61
69
15, 31, 50, 64
52
60, 93
70
61
37, 60, 62, 94
31, 39, 46, 83
56
78
49
53
48, 56, 57
60
6, 88
73
30
79
19, 27, 31, 39, 43, 47, 49, 52, 53, 54, 55, 57, 60, 66, 67, 69, 75, 76, 80
48
85
49
70
48
58
60
73
50, 55, 69
77
50
82
52
55, 59, 61
65
31, 34, 35, 39, 44, 49, 54, 59, 64, 65, 70, 71, 74, 87, 94
30
50
87
26, 43, 48, 53, 54, 55, 57, 59, 62, 66, 70, 81
33
48
57
65
48
69
53, 70
74
90
93
88
55
19, 24, 30, 34, 35, 36, 38, 42, 45, 46, 47, 50, 53, 55, 56, 59, 60, 61, 64, 65, 68, 71, 76, 80, 95
69
27, 30
30, 67
46
29
36, 58, 90
51
66
7
52, 61
59, 60, 61, 62, 64, 69, 80, 86
38, 39, 71
2
49, 61, 62, 68
63
62
17
43
63, 72, 82
1, 12, 18, 24, 25, 34, 38, 43, 45, 46, 48, 50, 51, 52, 54, 55, 56, 57, 58, 60, 61, 62, 63, 69, 71, 76, 83, 93, 95
66
53, 68, 76
41, 43, 52, 65, 68, 69, 70
31, 70, 87
67
86
65
50
52
48, 73, 91
79
82
60
37
48, 60, 71
49
10
27
65
40
50, 51
70
25
14, 76, 77
53
59
39, 50, 58
21, 30, 57, 70
66
64, 71
92
14, 36
36
3, 5, 6, 7, 10, 11, 12, 13, 17, 18, 19, 22, 23, 24, 25, 26, 27, 28, 29, 30, 31, 32, 33, 34, 35, 36, 37, 38, 39, 40, 41, 42, 43, 44, 45, 46, 47, 48, 49, 50, 51, 52, 53, 54, 55, 56, 57, 58, 59, 60, 61, 62, 63, 64, 65, 66, 67, 68, 69, 70, 71, 72, 73, 74, 75, 76, 77, 78, 79, 80, 81, 82, 83, 84, 85, 86, 87, 88, 89, 90, 91, 92, 93, 94, 95
52, 63
41
51
16, 68
50
27, 29, 53, 56, 71
64
44, 63, 75, 80, 90
95
48
51
43
5, 30
87
65
90, 92
3, 40, 68
65, 66
30
29, 73
62
62
25, 51, 66, 71, 84, 94
58
35
65
62
57
0
33
82
34, 43, 48
94
49, 51, 52, 71
71
38
43, 54, 58, 59, 70
54
60
34, 50
93
32, 63, 65
70
61
35
50
43
63
88
24
23
29, 44
82
52
29, 53, 54, 55, 70, 71
85
67
51
32
24, 28, 36, 41, 52, 53, 58, 62, 66, 70, 71, 83, 94
37, 71
68
1, 41, 42
4, 52, 55, 68
57
52, 53
53, 57, 71
9, 32
58
57
46
38, 65, 78
49
35, 61, 70, 84
55, 67
63
92
51
68
50
70
51
58
45, 91
68
33
30
57
17
59
31
66
15, 20, 24, 25, 26, 28, 29, 36, 42, 43, 45, 49, 50, 51, 53, 56, 57, 58, 59, 60, 61, 63, 67, 68, 70, 78, 83, 85, 90, 91, 94
61
49, 50
42
48
59, 63, 77, 86, 88
48
48
92
51, 87
40, 52, 63
50, 57, 69, 77
58
64
