4
5
8
9
10
11
12
14
15
20
21
22
24
28
29
31
32
37
39
40
43
44
45
47
50
58
59
66
72
73
76
81
82
85
87
88
89
90
94
96
97
99
102
104
114
116
119
120
122
123
125
127
141
145
148
151
159
160
161
166
171
174
176
179
185
188
189
191
197
198
202
210
214
218
221
223
225
227
230
239
242
245
248
252
254
259
261
263
264
265
267
271
272
273
274
276
279
282
285
289
290
293
294
296
299
301
302
303
304
310
315
316
317
322
323
324
328
332
337
342
344
345
347
349
350
351
352
353
354
356
357
358
359
361
362
363
364
367
369
370
372
373
376
378
379
380
382
383
390
391
397
398
403
405
409
410
413
416
417
421
423
431
433
438
441
444
445
448
457
459
464
470
476
477
478
479
480
481
483
484
487
490
494
495
496
497
500
501
505
507
511
514
518
521
522
523
525
526
537
539
540
543
545
546
547
550
555
556
557
560
566
569
571
573
581
583
584
585
588
595
600
602
605
608
610
611
612
613
617
618
619
620
621
624
625
631
634
638
639
640
641
642
645
647
648
653
656
658
663
665
668
675
676
680
686
687
690
691
692
701
704
705
706
708
709
711
714
715
717
728
749
752
761
762
764
765
769
770
772
774
776
779
784
787
789
790
794
795
796
797
803
810
811
813
815
817
825
828
834
835
836
844
845
850
852
855
856
861
862
867
870
876
878
885
892
894
898
901
902
904
907
909
911
912
913
915
917
918
920
930
936
937
938
941
942
945
946
947
951
959
962
964
966
967
968
971
974
976
978
979
984
986
1000
1001
1006
1007
1009
1015
1016
1019
1026
1028
1030
1032
1033
1034
1039
1041
1044
1046
1051
1054
1059
1060
1063
1066
1067
1070
1072
1073
1074
1075
1076
1078
1088
1090
1095
1097
1098
1100
1103
1108
1109
1111
1117
1118
1119
1120
1124
1126
1129
1130
1132
1133
1134
1138
1139
1140
1148
1149
1150
1152
1155
1156
1159
1163
1165
1166
1167
1168
1169
1170
1171
1173
1174
1180
1181
1182
1188
1190
1193
1194
1196
1200
1201
1204
1205
1206
1208
1211
1212
1216
1220
1224
1225
1227
1230
1231
1234
1235
1238
1239
1240
1243
1246
1253
1255
1256
1257
1258
1260
1263
1272
1275
1279
1280
1281
1282
1287
1288
1291
1296
1301
1308
1311
1314
1320
1322
1330
1331
1335
1336
1339
1341
1343
1345
1354
1359
1360
1364
1367
1368
1369
1370
1375
1379
1383
1389
1395
1396
1400
1406
1407
1409
1410
1412
1415
1417
1420
1424
1428
1433
1435
1437
1441
1442
1448
1449
1452
1453
1455
1460
1464
1465
1470
1471
1472
1475
1480
1481
1484
1486
1494
1497
1498
1501
1504
1505
1506
1509
1514
1515
1520
1521
1523
1526
1532
1533
1536
1537
1538
1539
1541
1543
1549
1551
1554
1556
1558
1562
1568
1571
1578
1581
1583
1587
1588
1591
1594
1596
1599
1600
1601
1602
1604
1609
1611
1616
1621
1623
1624
1628
1630
1631
1634
1637
1640
1643
1645
1649
1650
1652
1654
1661
1665
1667
1669
1671
1673
1675
1679
1681
1687
1688
1692
1693
1694
1699
1706
1707
1711
1714
1716
1721
1722
1726
1733
1754
1755
1758
1760
1762
1766
1771
1775
1776
1780
1782
1788
1791
1796
1797
1798
1806
1811
1813
1815
1820
1825
1827
1831
1832
1833
1839
1841
1843
1845
1847
1850
1852
1854
1856
1862
1865
1866
1870
1872
1873
1875
1876
1879
1885
1886
1889
1892
1895
1898
1900
1904
1909
1913
1914
1915
1917
1918
1923
1926
1929
1930
1931
1937
1941
1942
1943
1945
1947
1950
1954
1955
1958
1959
1965
1967
1972
1975
1976
1978
1981
1982
1984
1986
1991
1994
1995
2005
2010
2016
2019
2021
2032
2034
2036
2046
2050
2064
2066
2070
2071
2072
2073
2076
2078
2079
2082
2084
2085
2089
2091
2096
2097
2098
2099
2106
2108
2111
2114
2115
2116
2118
2119
2120
2124
2125
2126
2129
2131
2132
2135
2136
2138
2140
2142
2145
2150
2152
2153
2154
2155
2156
2160
2162
2166
2173
2175
2185
2188
2192
2194
2196
2197
2199
2200
2202
2203
2204
2208
2209
2210
2213
2214
2216
2218
2219
2221
2223
2225
2230
2231
2234
2236
2237
2238
2241
2242
2243
2244
2245
2246
2247
2252
2253
2257
2259
2261
2264
2265
2267
2269
2271
2272
2273
2276
2277
2281
2283
2284
2285
2286
2287
2289
2291
2295
2297
2298
2300
2301
2302
2307
2317
2318
2319
2321
2325
2334
2335
2336
2342
2344
2345
2347
2348
2351
2352
2357
2359
2361
2366
2367
2373
2374
2375
2384
2385
2393
2394
2397
2398
2399
2400
2401
2402
2403
2404
2405
2406
2408
2412
2414
2417
2418
2419
2422
2426
2430
2431
2435
2436
2437
2441
2445
2447
2456
2457
2458
2460
2465
2467
2471
2472
2476
2479
2482
2488
2489
2491
2493
2504
2511
2514
2515
2522
2525
2527
2528
2531
2532
2538
2539
2545
2548
2551
2556
2558
2560
2566
2568
2573
2578
2579
2580
2581
2586
2587
2588
2590
2591
2593
2602
2603
2607
2609
2610
2612
2616
2618
2619
2621
2628
2632
2634
2637
2640
2644
2645
2654
2656
2657
2675
2677
2684
2687
2689
2690
2691
2695
2697
2699
2700
2702
2708
2712
2713
2714
2718
2722
2727
2728
2729
2732
2733
2735
2736
2737
2741
2744
2745
2747
2749
2752
2754
2758
2762
2764
2768
2769
2770
2774
2775
2776
2777
2779
2783
2785
2787
2788
2790
2791
2793
2796
2799
2800
2802
2803
2805
2807
2811
2813
2816
2822
2823
2824
2825
2833
2837
2838
2844
2845
2847
2850
2852
2859
2860
2862
2864
2866
2867
2868
2873
2875
2877
2883
2887
2889
2897
2900
2902
2904
2908
2909
2910
2911
2912
2920
2921
2923
2927
2929
2930
2934
2937
2939
2940
2943
2945
2947
2949
2954
2955
2958
2960
2962
2966
2967
2970
2971
2973
2975
2978
2984
2985
2986
2988
2990
2991
2992
2996
2997
2998
3002
3006
3007
3010
3013
3016
3018
3019
3020
3022
3025
3028
3031
3034
3035
3040
3042
3044
3049
3050
3055
3058
3064
3069
3070
3073
3074
3075
3077
3081
3082
3085
3089
3091
3092
3095
3096
3097
3098
3100
3101
3103
3105
3107
3120
3121
3125
3126
3131
3132
3136
3137
3138
3139
3140
3142
3144
3149
3152
3153
3155
3161
3163
3165
3168
3170
3172
3180
3182
3186
3187
3189
3200
3201
3203
3209
3210
3211
3214
3216
3226
3228
3230
3236
3241
3245
3247
3248
3250
3255
3257
3258
3261
3266
3270
3274
3277
3279
3280
3283
3290
3294
3295
3296
3297
3299
3304
3305
3309
3313
3314
3324
3326
3327
3328
3330
3332
3340
3341
3342
3343
3344
3349
3350
3353
3355
3356
3363
3364
3365
3367
3370
3372
3375
3383
3385
3386
3392
3393
3394
3395
3400
3406
3409
3414
3416
3417
3421
3424
3425
3430
3432
3433
3438
3439
3440
3441
3443
3446
3450
3456
3459
3463
3464
3465
3468
3469
3485
3493
3494
3497
3499
3501
3504
3506
3513
3517
3524
3526
3527
3529
3531
3532
3537
3540
3541
3543
3554
3556
3557
3560
3561
3563
3565
3575
3577
3578
3580
3587
3601
3609
3610
3615
3616
3617
3618
3621
3625
3627
3629
3632
3634
3639
3641
3645
3647
3649
3651
3654
3655
3656
3661
3663
3665
3666
3668
3669
3670
3671
3672
3682
3683
3685
3688
3692
3697
3699
3700
3707
3708
3709
3713
3715
3716
3718
3722
3724
3733
3734
3735
3739
3740
3746
3747
3751
3752
3756
3757
3761
3766
3769
3774
3775
3776
3779
3783
3786
3790
3791
3792
3795
3799
3810
3814
3817
3822
3824
3827
3834
3836
3837
3847
3849
3851
3852
3862
3868
3875
3879
3882
3883
3884
3885
3886
3890
3896
3903
3904
3906
3911
3915
3916
3923
3924
3926
3931
3932
3933
3935
3942
3944
3945
3949
3950
3951
3954
3955
3956
3963
3968
3969
3972
3975
3976
3986
3989
3990
3997
3999
4002
4006
4007
4008
4009
4010
4013
4016
4017
4019
4026
4028
4033
4036
4040
4041
4047
4048
4051
4054
4055
4056
4058
4060
4061
4069
4070
4071
4075
4086
4088
4089
4092
4095
4101
4108
4109
4113
4120
4121
4123
4130
4134
4141
4142
4143
4145
4146
4151
4156
4157
4158
4160
4162
4163
4166
4172
4174
4177
4184
4185
4187
4190
4192
4194
4199
4200
4201
4202
4203
4208
4213
4215
4216
4220
4229
4232
4233
4239
4249
4254
4257
4258
4262
4266
4269
4270
4272
4285
4288
4290
4291
4292
4294
4296
4300
4306
4310
4312
4314
4326
4331
4337
4338
4344
4361
4364
4366
4368
4369
4372
4374
4376
4378
4379
4381
4382
4385
4386
4388
4391
4392
4396
4398
4401
4404
4406
4408
4411
4413
4415
4418
4419
4421
4422
4424
4434
4436
4443
4445
4448
4449
4453
4458
4464
4468
4469
4473
4477
4480
4481
4486
4488
4491
4495
4496
4503
4508
4514
4517
4523
4525
4526
4527
4529
4533
4534
4536
4537
4542
4543
4544
4546
4549
4552
4553
4554
4562
4570
4571
4573
4576
4577
4582
4583
4584
4585
4594
4596
4597
4604
4611
4612
4613
4615
4616
4620
4625
4627
4630
4631
4632
4633
4634
4639
4640
4644
4645
4646
4647
4649
4651
4652
4654
4662
4672
4674
4676
4682
4685
4687
4689
4693
4696
4697
4700
4707
4708
4709
4710
4711
4721
4725
4726
4727
4730
4732
4737
4744
4747
4752
4753
4754
4755
4757
4760
4762
4782
4784
4788
4796
4802
4804
4806
4808
4817
4818
4820
4821
4822
4823
4824
4836
4840
4841
4842
4843
4844
4845
4847
4850
4851
4853
4854
4855
4857
4858
4869
4872
4873
4875
4877
4880
4881
4883
4884
4886
4888
4892
4893
4894
4897
4898
4906
4907
4909
4914
4916
4919
4920
4925
4931
4932
4937
4939
4943
4944
4947
4949
4950
4954
4955
4957
4964
4965
4967
4969
4977
4983
4986
4997
