0
6
7
8
9
10
11
13
17
21
24
27
30
33
35
37
39
43
44
48
50
51
52
53
54
55
56
58
66
70
75
77
79
83
86
87
88
89
91
93
94
98
106
108
109
112
113
116
120
121
122
123
126
127
129
130
132
134
135
136
139
144
146
149
158
159
163
166
179
180
181
182
183
193
196
199
201
206
211
212
213
215
216
217
220
221
223
227
234
236
239
244
246
248
252
258
261
262
268
279
282
285
286
288
289
292
294
295
298
300
301
313
317
320
323
327
331
332
334
336
340
341
348
352
353
355
359
361
363
366
370
371
373
377
378
383
384
385
386
396
398
399
400
401
405
406
407
410
411
413
418
421
422
428
429
436
437
442
443
446
454
459
464
468
469
476
477
479
480
483
484
485
489
491
494
496
497
498
503
510
515
516
518
527
528
531
534
535
538
545
548
550
554
556
557
562
564
568
569
573
574
576
578
579
583
584
585
589
592
593
594
595
597
600
601
603
605
608
611
614
619
621
622
623
627
629
630
634
637
643
644
651
653
657
664
670
<<<<<<< HEAD
=======
675
680
684
688
689
692
694
699
700
705
711
722
725
729
734
739
743
744
746
752
758
759
760
763
766
771
774
777
781
782
783
784
785
787
790
791
792
797
803
806
807
816
821
826
827
828
834
838
839
847
848
849
851
856
857
859
861
863
867
875
879
885
887
888
889
896
897
899
902
906
910
911
916
921
922
923
924
926
927
931
937
940
941
943
948
949
950
951
955
958
959
961
968
973
982
983
984
990
991
997
998
1001
1002
1004
1005
1007
1008
1010
1011
1013
1016
1019
1020
1022
1023
1025
1026
1029
1030
1033
1036
1038
1039
1041
1046
1051
1057
1058
1061
1062
1074
1075
1077
1080
1083
1084
1085
1088
1090
1091
1092
1093
1097
1100
1102
1105
1108
1110
1115
1116
1119
1124
1132
1133
1134
1136
1140
1153
1154
1155
1158
1159
1162
1163
1166
1170
1178
1181
1182
1185
1187
1188
1194
1199
1203
1204
1213
1223
1224
1226
1241
1244
1245
1247
1249
1250
1251
1254
1255
1258
1262
1266
1267
1269
1273
1280
1281
1283
1286
1289
1291
1293
1295
1300
1301
1303
1312
1316
1317
1320
1321
1322
1323
1324
1325
1328
1330
1331
1335
1341
1343
1345
1346
1348
1349
1351
1357
1367
1369
1372
1373
1374
1375
1379
1380
1382
1387
1389
1394
1399
1400
1401
1408
1409
1410
1411
1416
1422
1425
1435
1437
1440
1442
1444
1448
1449
1450
1452
1454
1457
1458
1462
1468
1470
1482
1486
1490
1491
1497
1498
1499
1500
1501
1502
1503
1512
1514
1518
1519
1521
1522
1528
1530
1532
1533
1534
1536
1539
1541
1550
1557
1559
1560
1562
1564
1567
1572
1574
1578
1580
1584
1591
1594
1597
1599
1601
1603
1607
1608
1611
1612
1613
1616
1618
1620
1622
1624
1629
1630
1634
1639
1640
1642
1646
1647
1649
1653
1656
1661
1663
1665
1666
1671
1672
1673
1681
1683
1686
1687
1690
1691
1692
1697
1699
1700
1704
1705
1706
1717
1722
1723
1724
1725
1728
1733
1734
1736
1739
1741
1748
1755
1757
1759
1760
1764
1765
1768
1770
1771
1775
1785
1786
1789
1790
1795
1797
1800
1805
1810
1812
1813
1814
1816
1818
1820
1832
1833
1837
1839
1845
1846
1849
1852
1853
1855
1859
1865
1868
1869
1871
1872
1873
1877
1879
1881
1888
1889
1902
1907
1908
1911
1912
1913
1914
1915
1919
1920
1921
1923
1926
1929
1932
1934
1936
1938
1940
1942
1943
1947
1948
1952
1953
1960
1963
1964
1965
1966
1972
1974
1976
1978
1979
1981
1982
1984
1987
1991
1994
1997
1999
2003
2007
2010
2011
2015
2017
2018
2020
2021
2022
2028
2029
2030
2031
2032
2035
2038
2039
2043
2045
2047
2052
2053
2058
2061
2063
2064
2068
2071
2080
2082
2087
2090
2091
2092
2093
2094
2095
2097
2101
2102
2105
2112
2118
2122
2124
2134
2135
2140
2142
2144
2146
2147
2153
2155
2159
2161
2162
2167
2168
2171
2176
2180
2183
2187
2188
2190
2191
2197
2206
2210
2211
2214
2215
2220
2222
2227
2231
2233
2236
2239
2241
2244
2246
2247
2255
2256
2257
2258
2259
2264
2266
2274
2278
2282
2287
2290
2291
2295
2301
2303
2304
2308
2310
2311
2312
2313
2314
2319
2320
2325
2327
2333
2334
2340
2341
2342
2349
2350
2351
2353
2356
2358
2359
2362
2363
2366
2375
2376
2379
2381
2385
2387
2389
2393
2400
2402
2403
2406
2411
2413
2416
2420
2426
2427
2429
2433
2437
2440
2441
2442
2443
2447
2454
2459
2461
2463
2464
2466
2469
2471
2473
2476
2480
2485
2488
2489
2490
2491
2492
2493
2495
2497
2500
2501
2504
2511
2514
2517
2518
2520
2522
2529
2530
2532
2534
2536
2539
2540
2543
2547
2551
2558
2559
2561
2565
2569
2570
2575
2577
2581
2583
2587
2591
2593
2599
2600
2603
2607
2609
2610
2611
2612
2619
2621
2626
2627
2630
2633
2634
2637
2642
2644
2645
2647
2650
2654
2657
2659
2668
2669
2677
2682
2686
2690
2693
2698
2700
2701
2702
2706
2708
2709
2710
2711
2713
2716
2719
2722
2729
2731
2732
2733
2734
2736
2741
2745
2746
2748
2752
2755
2756
2757
2760
2762
2770
2774
2776
2777
2781
2783
2785
2793
2795
2798
2801
2803
2805
2807
2812
2813
2814
2817
2823
2824
2825
2828
2832
2835
2837
2841
2843
2845
2850
2852
2854
2857
2860
2862
2868
2870
2872
2874
2875
2877
2879
2880
2881
2884
2885
2886
2888
2890
2893
2894
2899
2904
2905
2912
2914
2921
2938
2939
2940
2941
2943
2947
2949
2951
2957
2962
2964
2969
2971
2972
2974
2978
2981
2983
2986
2987
2988
2989
2990
2993
2996
2997
2999
3002
3005
3008
3010
3011
3013
3018
3020
3021
3022
3023
3024
3029
3030
3035
3040
3043
3045
3049
3060
3061
3062
3068
3071
3072
3074
3080
3081
3082
3085
3089
3093
3094
3095
3096
3097
3099
3100
3105
3108
3109
3110
3111
3112
3113
3118
3122
3126
3127
3128
3132
3133
3134
3137
3138
3139
3141
3142
3143
3147
3150
3153
3154
3155
3159
3160
3163
3165
3168
3171
3178
3179
3180
3188
3196
3197
3199
3200
3204
3205
3207
3213
3218
3221
3225
3226
3228
3232
3233
3237
3238
3240
3244
3245
3246
3247
3250
3252
3257
3259
3263
3264
3267
3268
3270
3272
3275
3276
3278
3281
3285
3286
3287
3290
3291
3301
3304
3308
3309
3314
3317
3320
3322
3326
3327
3329
3332
3333
3334
3339
3345
3348
3349
3353
3354
3358
3359
3360
3362
3366
3367
3368
3370
3371
3372
3376
3377
3379
3380
3383
3384
3387
3392
3393
3394
3397
3400
3402
3406
3407
3408
3415
3417
3421
3425
3430
3431
3434
3435
3436
3440
3441
3444
3447
3449
3453
3454
3456
3457
3459
3460
3463
3467
3470
3471
3474
3475
3476
3477
3478
3480
3483
3485
3487
3491
3494
3496
3499
3507
3508
3512
3514
3526
3527
3531
3532
3534
3545
3549
3552
3553
3556
3561
3563
3567
3571
3573
3579
3583
3585
3589
3592
3595
3597
3600
3601
3602
3604
3606
3612
3613
3617
3621
3627
3628
3633
3634
3639
3641
3642
3643
3644
3646
3653
3654
3656
3658
3664
3667
3669
3670
3671
3673
3675
3677
3680
3683
3689
3691
3697
3698
3699
3705
3714
3715
3718
3719
3723
3727
3734
3735
3737
3738
3739
3740
3741
3745
3746
3747
3750
3752
3753
3755
3759
3760
3762
3765
3767
3769
3771
3772
3773
3776
3777
3781
3783
3786
3787
3788
3792
3793
3796
3798
3801
3811
3813
3814
3815
3816
3819
3820
3826
3827
3831
3832
3836
3841
3843
3844
3848
3849
3860
3862
3868
3873
3874
3878
3879
3881
3884
3893
3894
3898
3899
3900
3902
3904
3907
3911
3914
3916
3918
3920
3922
3923
3926
3928
3929
3933
3935
3938
3939
3940
3941
3945
3946
3950
3955
3958
3959
3961
3965
3966
3970
3978
3982
3984
3986
3987
3988
3990
4002
4004
4005
4006
4009
4010
4012
4013
4014
4015
4016
4023
4026
4030
4031
4036
4037
4040
4042
4046
4047
4048
4051
4056
4058
4065
4067
4070
4075
4078
4083
4089
4090
4091
4093
4097
4099
4100
4101
4105
4116
4117
4121
4123
4124
4130
4131
4135
4136
4138
4140
4143
4146
4148
4150
4151
4152
4154
4155
4157
4160
4162
4164
4165
4169
4172
4183
4184
4185
4186
4187
4189
4192
4199
4200
4209
4215
4218
4219
4221
4225
4236
4240
4244
4248
4250
4251
4253
4254
4256
4262
4263
4268
4271
4273
4277
4283
4285
4286
4290
4295
4297
4301
4304
4308
4309
4312
4319
4324
4331
4332
4335
4338
4342
4356
4358
4363
4366
4367
4368
4375
4376
4377
4380
4381
4382
4386
4389
4390
4391
4397
4401
4404
4408
4409
4414
4419
4420
4422
4429
4431
4433
4439
4441
4442
4443
4448
4454
4455
4457
4459
4466
4467
4470
4471
4473
4475
4477
4479
4481
4487
4493
4494
4496
4500
4501
4505
4511
4515
4516
4517
4526
4527
4529
4538
4544
4548
4553
4554
4559
4560
4561
4562
4570
4573
4574
4576
4580
4586
4588
4589
4595
4598
4600
4603
4605
4606
4610
4621
4622
4623
4630
4631
4632
4638
4645
4647
4648
4649
4652
4656
4659
4666
4672
4675
4677
4681
4682
4684
4686
4689
4691
4692
4694
4700
4701
4702
4711
4714
4716
4718
4720
4723
4726
4727
4729
4735
4736
4737
4738
4740
4747
4748
4750
4751
4754
4759
4775
4776
4779
4781
4782
4784
4785
4791
4792
4794
4798
4800
4801
4803
4807
4808
4812
4814
4820
4822
4824
4826
4828
4831
4835
4837
4838
4839
4840
4845
4851
4852
4853
4855
4857
4862
4864
4871
4872
4873
4879
4880
4881
4882
4883
4884
4886
4894
4895
4898
4899
4907
4909
4911
4915
4924
4927
4929
4933
4938
4946
4950
4954
4958
4963
4966
4968
4969
4974
4975
4982
4987
4990
4991
4993
4994
4995
4998
>>>>>>> a18e16b57e8d76afed664be80425424d0e5f9075
